0	373
0	874
1	894
1	922
2	28
2	421
3	13
3	732
4	212
4	74
5	610
5	3
6	496
6	221
7	22
7	881
8	861
8	169
9	513
9	651
10	277
10	551
11	591
11	218
12	495
12	750
13	732
14	756
14	808
15	189
15	445
16	200
16	785
17	323
17	413
18	875
18	626
19	810
19	582
20	814
20	241
21	525
21	289
22	881
23	428
23	559
24	109
24	888
25	245
25	463
26	483
26	910
27	705
27	740
28	774
29	563
29	363
30	332
30	518
31	65
31	145
32	942
32	962
33	425
33	849
34	141
34	276
35	352
35	299
36	371
36	184
37	319
37	997
38	393
38	782
39	803
39	182
40	379
40	172
41	117
41	441
42	137
42	305
43	461
43	805
44	51
44	424
45	582
45	940
46	449
46	147
47	954
47	962
48	964
48	581
49	243
49	565
50	792
50	137
51	424
52	214
52	784
53	128
53	340
54	185
54	967
55	733
55	949
56	783
56	859
57	529
57	647
58	856
58	958
59	694
59	905
60	899
60	479
61	628
61	892
62	611
62	429
63	545
63	458
64	664
64	145
65	339
66	98
66	330
67	876
67	669
68	146
68	256
69	242
69	879
70	588
70	735
71	275
71	105
72	271
72	165
73	754
73	575
74	679
74	984
75	734
75	384
76	191
76	263
77	164
77	146
78	151
78	586
79	796
79	776
80	243
80	49
81	264
81	831
82	178
82	87
83	114
83	919
84	262
84	507
85	871
85	55
86	646
86	692
87	178
88	270
88	760
89	72
89	131
90	752
90	307
91	857
91	183
92	263
92	860
93	711
93	1
94	115
94	549
95	638
95	690
96	112
96	753
97	952
97	813
98	822
99	232
99	824
100	854
100	663
101	574
101	850
102	766
102	244
103	220
103	459
104	391
104	780
105	47
106	339
106	772
107	205
107	300
108	405
108	236
109	888
110	355
110	592
111	332
111	247
112	158
113	654
113	450
114	919
115	166
116	385
116	855
117	441
118	265
118	816
119	712
119	105
120	464
120	829
121	927
121	382
122	960
122	197
123	826
123	976
124	367
124	423
125	934
125	329
126	360
126	459
127	556
127	419
128	907
129	218
129	591
130	506
130	344
131	233
132	176
132	237
133	465
133	745
134	855
134	116
135	515
135	818
136	310
136	665
138	881
138	824
139	400
139	414
140	747
140	225
141	276
142	423
142	375
143	452
143	508
144	902
144	216
145	664
146	305
147	449
148	269
148	822
149	542
149	979
150	466
150	248
151	586
152	341
152	841
153	228
153	715
154	593
154	407
155	692
155	769
156	634
156	671
157	292
157	671
158	497
159	720
159	721
160	661
160	935
161	356
161	348
162	257
162	462
163	158
163	112
164	807
165	271
166	555
167	607
167	839
168	555
168	585
169	861
170	483
170	653
171	503
171	731
172	519
173	879
173	242
174	701
174	561
175	676
175	862
176	440
177	487
177	735
179	798
179	674
180	344
180	287
181	499
181	649
182	789
182	968
183	842
183	368
184	790
185	578
186	864
186	386
187	505
187	328
188	556
188	127
189	445
190	776
190	249
191	263
192	616
192	696
193	858
193	194
194	458
195	665
195	310
196	693
196	913
197	536
198	980
198	223
199	478
199	416
200	588
201	660
201	37
202	804
202	918
203	947
203	890
204	251
204	386
205	300
206	300
206	107
207	265
207	7
208	983
208	713
209	467
209	868
210	566
210	802
211	732
211	496
212	929
213	530
213	590
214	784
215	698
215	10
216	902
216	550
217	614
217	640
218	591
219	956
219	505
220	911
221	321
222	416
222	583
223	980
224	713
224	627
225	747
225	686
226	583
226	422
227	657
227	950
228	411
229	406
229	612
230	901
230	485
231	667
231	730
232	824
233	89
234	988
234	838
235	249
235	739
236	405
237	866
238	782
238	38
239	904
239	608
240	995
240	396
241	814
242	879
243	849
244	678
245	722
245	463
246	993
246	355
247	332
248	430
248	434
249	739
250	481
250	345
251	965
252	291
252	662
253	777
253	471
254	517
254	969
255	146
255	305
256	887
257	462
258	838
258	988
259	817
259	532
260	295
260	401
261	779
261	786
262	580
263	666
264	877
265	816
266	639
266	643
267	507
267	941
268	624
268	577
269	909
270	760
272	813
272	418
273	230
273	901
274	388
274	393
275	105
276	758
277	551
278	877
278	264
279	959
279	848
280	977
280	681
281	381
281	415
282	486
282	278
283	971
283	389
284	863
284	638
285	699
285	435
286	182
286	803
287	935
287	621
288	489
288	719
289	697
289	783
290	405
290	236
291	862
292	671
293	399
293	712
294	940
294	582
295	957
296	369
296	466
297	633
297	565
298	997
298	319
299	431
299	944
301	290
301	405
302	536
302	197
303	374
303	893
304	366
304	534
305	68
306	751
306	606
307	998
307	343
308	812
308	615
309	898
309	378
310	665
311	605
311	237
312	831
312	426
313	800
313	372
314	821
314	625
315	872
315	617
316	617
316	872
317	887
317	160
318	384
318	734
319	997
320	500
320	992
321	365
322	420
322	589
323	450
323	326
324	469
324	562
325	522
325	970
326	450
326	896
327	396
327	330
328	974
329	587
329	934
330	396
331	973
331	544
332	518
333	840
333	672
334	497
334	480
335	761
335	459
336	790
336	827
337	981
337	540
338	788
338	553
339	772
340	933
340	408
341	793
342	625
342	501
343	752
344	506
345	309
345	378
346	724
346	366
347	757
347	398
348	356
349	861
349	755
350	878
350	900
351	116
351	385
352	701
353	410
353	999
354	449
354	147
355	993
357	830
357	523
358	710
358	773
359	924
359	383
360	459
361	646
361	692
362	721
362	991
363	377
363	809
364	522
364	325
365	964
367	375
368	799
368	842
369	466
370	372
370	476
371	967
372	800
373	874
374	754
375	124
376	781
376	774
377	540
379	762
380	476
380	834
381	415
382	927
383	924
384	734
385	855
386	251
387	581
387	916
388	393
389	880
390	659
390	912
391	780
392	414
392	946
393	782
394	275
394	403
395	550
395	216
396	995
397	555
397	166
398	734
399	857
400	595
401	94
402	528
402	873
403	339
403	106
404	508
404	452
406	612
407	572
408	933
408	600
409	439
409	833
410	652
411	728
412	492
412	909
413	288
413	744
416	478
417	544
417	584
418	813
419	188
420	589
421	770
421	532
422	682
425	851
426	315
427	674
427	462
428	648
429	611
429	891
430	434
431	944
432	688
432	214
433	482
433	502
435	353
436	951
436	499
437	842
437	61
438	162
438	205
439	193
439	288
440	866
440	132
442	246
442	169
443	456
443	874
444	691
444	620
445	757
446	684
446	467
447	554
447	675
448	832
448	880
451	567
451	484
452	508
453	550
453	485
454	645
454	985
455	539
455	972
456	603
456	558
457	494
457	586
458	858
458	193
460	66
460	939
461	805
464	829
465	593
468	594
468	811
469	562
470	872
470	492
471	841
471	984
472	589
472	667
473	443
473	658
474	896
474	326
475	852
475	945
476	834
477	534
477	707
479	899
480	497
481	345
482	577
483	787
484	776
484	743
485	216
485	902
486	242
487	735
488	444
488	888
489	719
490	198
490	847
491	104
491	391
492	909
493	940
493	294
494	586
494	151
495	932
495	775
498	78
498	151
499	649
500	992
501	867
502	482
503	832
504	819
504	687
509	537
509	560
510	622
510	117
511	785
511	588
512	835
512	622
513	688
514	19
514	383
515	818
516	109
516	24
517	969
518	111
519	533
520	364
520	524
521	491
521	854
523	830
524	670
524	729
525	39
526	360
526	126
527	693
527	726
528	292
528	157
529	647
530	590
531	759
531	837
532	817
532	770
533	172
535	807
535	217
537	716
538	504
538	656
539	551
540	981
541	601
541	585
542	979
543	254
543	969
544	584
545	458
546	989
546	569
547	369
547	296
548	727
548	176
549	260
551	972
552	622
552	745
553	805
553	669
554	675
557	774
557	28
558	603
559	428
560	537
561	748
561	801
562	746
563	363
564	797
564	415
565	843
566	802
567	943
568	895
568	892
569	989
570	858
570	458
571	764
571	208
572	352
573	527
573	300
574	736
575	754
576	614
576	640
577	433
578	965
579	195
579	665
580	608
582	940
584	596
585	601
587	934
589	667
592	979
592	542
594	811
594	911
595	905
596	36
597	966
597	770
598	223
598	980
599	941
599	258
600	700
600	982
601	749
602	631
602	853
603	874
604	213
604	530
605	56
606	598
607	885
607	930
609	893
609	915
610	321
611	736
611	917
613	425
613	423
614	640
615	812
616	696
617	872
618	742
618	990
619	722
619	970
620	691
621	935
623	400
623	595
624	810
626	788
626	875
627	815
628	892
629	432
629	517
630	453
630	802
631	853
632	247
632	111
633	565
634	671
635	922
635	894
636	949
636	643
637	704
637	784
639	643
641	241
641	814
642	750
642	973
644	342
644	862
645	44
647	994
648	23
650	846
650	797
651	513
652	920
652	353
653	483
654	450
655	762
655	379
656	504
657	753
658	456
658	874
659	912
660	428
661	935
662	867
663	854
666	806
668	799
668	891
669	876
670	729
670	825
672	840
672	726
673	25
673	960
674	798
675	931
675	477
676	862
677	515
677	818
678	766
679	984
680	937
680	987
681	897
681	977
682	226
683	706
683	30
684	963
685	224
685	886
686	744
686	747
687	819
687	889
688	794
689	985
689	645
690	638
691	743
692	646
693	726
694	905
695	799
695	368
697	859
698	961
699	999
700	982
702	769
702	957
703	723
703	895
704	784
705	740
706	156
707	304
708	871
708	949
709	905
709	595
710	773
711	95
713	983
714	19
714	383
715	228
716	686
717	921
717	392
718	20
718	835
719	744
720	991
721	991
722	970
723	801
724	366
725	435
725	312
727	176
728	228
729	825
730	936
730	961
731	919
733	85
735	588
736	917
737	104
737	780
738	541
738	244
740	60
741	659
741	912
742	687
743	953
745	898
746	696
748	801
749	585
750	973
751	96
753	227
755	913
755	884
756	808
758	165
759	952
761	459
763	921
763	836
764	983
764	208
765	590
765	530
766	244
767	789
767	968
768	943
768	567
769	957
771	767
771	789
773	908
773	948
774	925
775	932
777	434
778	379
778	697
779	786
781	925
783	859
787	910
787	26
789	968
791	440
791	866
792	42
793	15
794	704
795	219
795	195
796	776
797	846
798	427
804	918
806	77
809	987
809	680
810	294
811	911
815	685
816	886
820	749
820	601
821	960
822	269
823	97
823	813
826	380
827	343
828	927
828	121
831	264
833	18
833	945
836	559
837	893
838	988
839	251
843	915
844	956
844	873
845	986
845	884
847	198
848	85
848	733
849	49
850	922
851	33
852	945
852	570
853	950
856	958
860	587
860	329
863	635
864	386
865	897
865	977
868	467
869	236
869	311
870	583
870	222
871	55
873	354
878	536
880	971
882	899
882	60
883	889
883	687
884	996
884	913
885	930
887	621
890	947
892	895
894	922
897	977
900	536
901	485
902	550
903	472
903	589
904	656
906	914
906	853
907	202
908	948
909	148
911	971
914	602
916	912
916	659
920	999
923	646
923	361
926	583
926	222
928	653
928	787
929	679
931	477
936	961
937	700
938	829
938	120
939	327
939	330
942	962
945	570
946	139
950	657
951	648
953	691
954	962
955	559
955	23
958	125
959	733
963	446
966	770
972	10
973	12
974	554
975	83
975	114
976	406
976	229
978	874
978	0
981	377
986	930
990	205
990	819
991	654
993	461
994	529
996	726
998	343
0	642
1	122
2	162
3	877
4	486
7	903
8	134
9	529
10	847
11	825
14	652
16	38
19	479
21	88
23	530
24	606
25	928
26	228
27	404
29	188
30	324
33	274
34	448
38	828
42	424
44	410
55	199
57	153
66	457
78	650
82	134
83	320
86	566
88	273
96	992
100	464
116	203
120	188
121	161
123	395
127	222
135	143
143	228
144	682
153	908
161	890
192	604
199	684
203	280
209	530
213	615
261	308
280	569
281	546
308	357
320	357
357	358
358	546
546	381
