Time	Node	AppId	SeqNo	Type	DelayS	DelayUS	RetxCount	HopCount
0.01576	leaf-2	0	0	LastDelay	0.00576	5760	1	2
0.01576	leaf-2	0	0	FullDelay	0.00576	5760	1	2
0.02576	leaf-3	0	0	LastDelay	0.00576	5760	1	2
0.02576	leaf-3	0	0	FullDelay	0.00576	5760	1	2
0.03288	leaf-4	0	0	LastDelay	0.00288	2880	1	2
0.03288	leaf-4	0	0	FullDelay	0.00288	2880	1	2
0.10576	leaf-1	0	1	LastDelay	0.00576	5760	1	2
0.10576	leaf-1	0	1	FullDelay	0.00576	5760	1	2
0.11288	leaf-2	0	1	LastDelay	0.00288	2880	1	2
0.11288	leaf-2	0	1	FullDelay	0.00288	2880	1	2
0.12576	leaf-3	0	1	LastDelay	0.00576	5760	1	2
0.12576	leaf-3	0	1	FullDelay	0.00576	5760	1	2
0.13288	leaf-4	0	1	LastDelay	0.00288	2880	1	2
0.13288	leaf-4	0	1	FullDelay	0.00288	2880	1	2
0.20576	leaf-1	0	2	LastDelay	0.00576	5760	1	2
0.20576	leaf-1	0	2	FullDelay	0.00576	5760	1	2
0.21288	leaf-2	0	2	LastDelay	0.00288	2880	1	2
0.21288	leaf-2	0	2	FullDelay	0.00288	2880	1	2
0.22576	leaf-3	0	2	LastDelay	0.00576	5760	1	2
0.22576	leaf-3	0	2	FullDelay	0.00576	5760	1	2
0.23288	leaf-4	0	2	LastDelay	0.00288	2880	1	2
0.23288	leaf-4	0	2	FullDelay	0.00288	2880	1	2
0.30288	leaf-1	0	0	LastDelay	0.00288	2880	1	2
0.30288	leaf-1	0	0	FullDelay	0.30288	302880	2	2
0.31576	leaf-2	0	3	LastDelay	0.00576	5760	1	2
0.31576	leaf-2	0	3	FullDelay	0.00576	5760	1	2
0.32576	leaf-3	0	3	LastDelay	0.00576	5760	1	2
0.32576	leaf-3	0	3	FullDelay	0.00576	5760	1	2
0.33288	leaf-4	0	3	LastDelay	0.00288	2880	1	2
0.33288	leaf-4	0	3	FullDelay	0.00288	2880	1	2
0.40288	leaf-1	0	3	LastDelay	0.00288	2880	1	2
0.40288	leaf-1	0	3	FullDelay	0.00288	2880	1	2
0.41576	leaf-2	0	4	LastDelay	0.00576	5760	1	2
0.41576	leaf-2	0	4	FullDelay	0.00576	5760	1	2
0.42576	leaf-3	0	4	LastDelay	0.00576	5760	1	2
0.42576	leaf-3	0	4	FullDelay	0.00576	5760	1	2
0.43288	leaf-4	0	4	LastDelay	0.00288	2880	1	2
0.43288	leaf-4	0	4	FullDelay	0.00288	2880	1	2
0.50288	leaf-1	0	4	LastDelay	0.00288	2880	1	2
0.50288	leaf-1	0	4	FullDelay	0.00288	2880	1	2
0.51576	leaf-2	0	5	LastDelay	0.00576	5760	1	2
0.51576	leaf-2	0	5	FullDelay	0.00576	5760	1	2
0.52576	leaf-3	0	5	LastDelay	0.00576	5760	1	2
0.52576	leaf-3	0	5	FullDelay	0.00576	5760	1	2
0.53288	leaf-4	0	5	LastDelay	0.00288	2880	1	2
0.53288	leaf-4	0	5	FullDelay	0.00288	2880	1	2
0.60288	leaf-1	0	5	LastDelay	0.00288	2880	1	2
0.60288	leaf-1	0	5	FullDelay	0.00288	2880	1	2
0.61576	leaf-2	0	6	LastDelay	0.00576	5760	1	2
0.61576	leaf-2	0	6	FullDelay	0.00576	5760	1	2
0.62576	leaf-3	0	6	LastDelay	0.00576	5760	1	2
0.62576	leaf-3	0	6	FullDelay	0.00576	5760	1	2
0.63288	leaf-4	0	6	LastDelay	0.00288	2880	1	2
0.63288	leaf-4	0	6	FullDelay	0.00288	2880	1	2
0.70288	leaf-1	0	6	LastDelay	0.00288	2880	1	2
0.70288	leaf-1	0	6	FullDelay	0.00288	2880	1	2
0.71576	leaf-2	0	7	LastDelay	0.00576	5760	1	2
0.71576	leaf-2	0	7	FullDelay	0.00576	5760	1	2
0.72576	leaf-3	0	7	LastDelay	0.00576	5760	1	2
0.72576	leaf-3	0	7	FullDelay	0.00576	5760	1	2
0.73288	leaf-4	0	7	LastDelay	0.00288	2880	1	2
0.73288	leaf-4	0	7	FullDelay	0.00288	2880	1	2
0.80288	leaf-1	0	7	LastDelay	0.00288	2880	1	2
0.80288	leaf-1	0	7	FullDelay	0.00288	2880	1	2
0.81576	leaf-2	0	8	LastDelay	0.00576	5760	1	2
0.81576	leaf-2	0	8	FullDelay	0.00576	5760	1	2
0.82576	leaf-3	0	8	LastDelay	0.00576	5760	1	2
0.82576	leaf-3	0	8	FullDelay	0.00576	5760	1	2
0.83288	leaf-4	0	8	LastDelay	0.00288	2880	1	2
0.83288	leaf-4	0	8	FullDelay	0.00288	2880	1	2
0.90288	leaf-1	0	8	LastDelay	0.00288	2880	1	2
0.90288	leaf-1	0	8	FullDelay	0.00288	2880	1	2
0.91576	leaf-2	0	9	LastDelay	0.00576	5760	1	2
0.91576	leaf-2	0	9	FullDelay	0.00576	5760	1	2
0.92576	leaf-3	0	9	LastDelay	0.00576	5760	1	2
0.92576	leaf-3	0	9	FullDelay	0.00576	5760	1	2
0.93288	leaf-4	0	9	LastDelay	0.00288	2880	1	2
0.93288	leaf-4	0	9	FullDelay	0.00288	2880	1	2
1.00288	leaf-1	0	9	LastDelay	0.00288	2880	1	2
1.00288	leaf-1	0	9	FullDelay	0.00288	2880	1	2
1.01576	leaf-2	0	10	LastDelay	0.00576	5760	1	2
1.01576	leaf-2	0	10	FullDelay	0.00576	5760	1	2
1.02576	leaf-3	0	10	LastDelay	0.00576	5760	1	2
1.02576	leaf-3	0	10	FullDelay	0.00576	5760	1	2
1.03288	leaf-4	0	10	LastDelay	0.00288	2880	1	2
1.03288	leaf-4	0	10	FullDelay	0.00288	2880	1	2
1.10288	leaf-1	0	10	LastDelay	0.00288	2880	1	2
1.10288	leaf-1	0	10	FullDelay	0.00288	2880	1	2
1.11576	leaf-2	0	11	LastDelay	0.00576	5760	1	2
1.11576	leaf-2	0	11	FullDelay	0.00576	5760	1	2
1.12576	leaf-3	0	11	LastDelay	0.00576	5760	1	2
1.12576	leaf-3	0	11	FullDelay	0.00576	5760	1	2
1.13288	leaf-4	0	11	LastDelay	0.00288	2880	1	2
1.13288	leaf-4	0	11	FullDelay	0.00288	2880	1	2
1.20288	leaf-1	0	11	LastDelay	0.00288	2880	1	2
1.20288	leaf-1	0	11	FullDelay	0.00288	2880	1	2
1.21576	leaf-2	0	12	LastDelay	0.00576	5760	1	2
1.21576	leaf-2	0	12	FullDelay	0.00576	5760	1	2
1.22576	leaf-3	0	12	LastDelay	0.00576	5760	1	2
1.22576	leaf-3	0	12	FullDelay	0.00576	5760	1	2
1.23288	leaf-4	0	12	LastDelay	0.00288	2880	1	2
1.23288	leaf-4	0	12	FullDelay	0.00288	2880	1	2
1.30288	leaf-1	0	12	LastDelay	0.00288	2880	1	2
1.30288	leaf-1	0	12	FullDelay	0.00288	2880	1	2
1.31576	leaf-2	0	13	LastDelay	0.00576	5760	1	2
1.31576	leaf-2	0	13	FullDelay	0.00576	5760	1	2
1.32576	leaf-3	0	13	LastDelay	0.00576	5760	1	2
1.32576	leaf-3	0	13	FullDelay	0.00576	5760	1	2
1.33288	leaf-4	0	13	LastDelay	0.00288	2880	1	2
1.33288	leaf-4	0	13	FullDelay	0.00288	2880	1	2
1.40288	leaf-1	0	13	LastDelay	0.00288	2880	1	2
1.40288	leaf-1	0	13	FullDelay	0.00288	2880	1	2
1.41576	leaf-2	0	14	LastDelay	0.00576	5760	1	2
1.41576	leaf-2	0	14	FullDelay	0.00576	5760	1	2
1.42576	leaf-3	0	14	LastDelay	0.00576	5760	1	2
1.42576	leaf-3	0	14	FullDelay	0.00576	5760	1	2
1.43288	leaf-4	0	14	LastDelay	0.00288	2880	1	2
1.43288	leaf-4	0	14	FullDelay	0.00288	2880	1	2
1.50288	leaf-1	0	14	LastDelay	0.00288	2880	1	2
1.50288	leaf-1	0	14	FullDelay	0.00288	2880	1	2
1.51576	leaf-2	0	15	LastDelay	0.00576	5760	1	2
1.51576	leaf-2	0	15	FullDelay	0.00576	5760	1	2
1.52576	leaf-3	0	15	LastDelay	0.00576	5760	1	2
1.52576	leaf-3	0	15	FullDelay	0.00576	5760	1	2
1.53288	leaf-4	0	15	LastDelay	0.00288	2880	1	2
1.53288	leaf-4	0	15	FullDelay	0.00288	2880	1	2
1.60288	leaf-1	0	15	LastDelay	0.00288	2880	1	2
1.60288	leaf-1	0	15	FullDelay	0.00288	2880	1	2
1.61576	leaf-2	0	16	LastDelay	0.00576	5760	1	2
1.61576	leaf-2	0	16	FullDelay	0.00576	5760	1	2
1.62576	leaf-3	0	16	LastDelay	0.00576	5760	1	2
1.62576	leaf-3	0	16	FullDelay	0.00576	5760	1	2
1.63288	leaf-4	0	16	LastDelay	0.00288	2880	1	2
1.63288	leaf-4	0	16	FullDelay	0.00288	2880	1	2
1.70288	leaf-1	0	16	LastDelay	0.00288	2880	1	2
1.70288	leaf-1	0	16	FullDelay	0.00288	2880	1	2
1.71576	leaf-2	0	17	LastDelay	0.00576	5760	1	2
1.71576	leaf-2	0	17	FullDelay	0.00576	5760	1	2
1.72576	leaf-3	0	17	LastDelay	0.00576	5760	1	2
1.72576	leaf-3	0	17	FullDelay	0.00576	5760	1	2
1.73288	leaf-4	0	17	LastDelay	0.00288	2880	1	2
1.73288	leaf-4	0	17	FullDelay	0.00288	2880	1	2
1.80288	leaf-1	0	17	LastDelay	0.00288	2880	1	2
1.80288	leaf-1	0	17	FullDelay	0.00288	2880	1	2
1.81576	leaf-2	0	18	LastDelay	0.00576	5760	1	2
1.81576	leaf-2	0	18	FullDelay	0.00576	5760	1	2
1.82576	leaf-3	0	18	LastDelay	0.00576	5760	1	2
1.82576	leaf-3	0	18	FullDelay	0.00576	5760	1	2
1.83288	leaf-4	0	18	LastDelay	0.00288	2880	1	2
1.83288	leaf-4	0	18	FullDelay	0.00288	2880	1	2
1.90288	leaf-1	0	18	LastDelay	0.00288	2880	1	2
1.90288	leaf-1	0	18	FullDelay	0.00288	2880	1	2
1.91576	leaf-2	0	19	LastDelay	0.00576	5760	1	2
1.91576	leaf-2	0	19	FullDelay	0.00576	5760	1	2
1.92576	leaf-3	0	19	LastDelay	0.00576	5760	1	2
1.92576	leaf-3	0	19	FullDelay	0.00576	5760	1	2
1.93288	leaf-4	0	19	LastDelay	0.00288	2880	1	2
1.93288	leaf-4	0	19	FullDelay	0.00288	2880	1	2
2.00288	leaf-1	0	19	LastDelay	0.00288	2880	1	2
2.00288	leaf-1	0	19	FullDelay	0.00288	2880	1	2
2.01576	leaf-2	0	20	LastDelay	0.00576	5760	1	2
2.01576	leaf-2	0	20	FullDelay	0.00576	5760	1	2
2.02576	leaf-3	0	20	LastDelay	0.00576	5760	1	2
2.02576	leaf-3	0	20	FullDelay	0.00576	5760	1	2
2.03288	leaf-4	0	20	LastDelay	0.00288	2880	1	2
2.03288	leaf-4	0	20	FullDelay	0.00288	2880	1	2
2.10288	leaf-1	0	20	LastDelay	0.00288	2880	1	2
2.10288	leaf-1	0	20	FullDelay	0.00288	2880	1	2
2.11576	leaf-2	0	21	LastDelay	0.00576	5760	1	2
2.11576	leaf-2	0	21	FullDelay	0.00576	5760	1	2
2.12576	leaf-3	0	21	LastDelay	0.00576	5760	1	2
2.12576	leaf-3	0	21	FullDelay	0.00576	5760	1	2
2.13288	leaf-4	0	21	LastDelay	0.00288	2880	1	2
2.13288	leaf-4	0	21	FullDelay	0.00288	2880	1	2
2.20288	leaf-1	0	21	LastDelay	0.00288	2880	1	2
2.20288	leaf-1	0	21	FullDelay	0.00288	2880	1	2
2.21576	leaf-2	0	22	LastDelay	0.00576	5760	1	2
2.21576	leaf-2	0	22	FullDelay	0.00576	5760	1	2
2.22576	leaf-3	0	22	LastDelay	0.00576	5760	1	2
2.22576	leaf-3	0	22	FullDelay	0.00576	5760	1	2
2.23288	leaf-4	0	22	LastDelay	0.00288	2880	1	2
2.23288	leaf-4	0	22	FullDelay	0.00288	2880	1	2
2.30288	leaf-1	0	22	LastDelay	0.00288	2880	1	2
2.30288	leaf-1	0	22	FullDelay	0.00288	2880	1	2
2.31576	leaf-2	0	23	LastDelay	0.00576	5760	1	2
2.31576	leaf-2	0	23	FullDelay	0.00576	5760	1	2
2.32576	leaf-3	0	23	LastDelay	0.00576	5760	1	2
2.32576	leaf-3	0	23	FullDelay	0.00576	5760	1	2
2.33288	leaf-4	0	23	LastDelay	0.00288	2880	1	2
2.33288	leaf-4	0	23	FullDelay	0.00288	2880	1	2
2.40288	leaf-1	0	23	LastDelay	0.00288	2880	1	2
2.40288	leaf-1	0	23	FullDelay	0.00288	2880	1	2
2.41576	leaf-2	0	24	LastDelay	0.00576	5760	1	2
2.41576	leaf-2	0	24	FullDelay	0.00576	5760	1	2
2.42576	leaf-3	0	24	LastDelay	0.00576	5760	1	2
2.42576	leaf-3	0	24	FullDelay	0.00576	5760	1	2
2.43288	leaf-4	0	24	LastDelay	0.00288	2880	1	2
2.43288	leaf-4	0	24	FullDelay	0.00288	2880	1	2
2.50288	leaf-1	0	24	LastDelay	0.00288	2880	1	2
2.50288	leaf-1	0	24	FullDelay	0.00288	2880	1	2
2.51576	leaf-2	0	25	LastDelay	0.00576	5760	1	2
2.51576	leaf-2	0	25	FullDelay	0.00576	5760	1	2
2.52576	leaf-3	0	25	LastDelay	0.00576	5760	1	2
2.52576	leaf-3	0	25	FullDelay	0.00576	5760	1	2
2.53288	leaf-4	0	25	LastDelay	0.00288	2880	1	2
2.53288	leaf-4	0	25	FullDelay	0.00288	2880	1	2
2.60288	leaf-1	0	25	LastDelay	0.00288	2880	1	2
2.60288	leaf-1	0	25	FullDelay	0.00288	2880	1	2
2.61576	leaf-2	0	26	LastDelay	0.00576	5760	1	2
2.61576	leaf-2	0	26	FullDelay	0.00576	5760	1	2
2.62576	leaf-3	0	26	LastDelay	0.00576	5760	1	2
2.62576	leaf-3	0	26	FullDelay	0.00576	5760	1	2
2.63288	leaf-4	0	26	LastDelay	0.00288	2880	1	2
2.63288	leaf-4	0	26	FullDelay	0.00288	2880	1	2
2.70288	leaf-1	0	26	LastDelay	0.00288	2880	1	2
2.70288	leaf-1	0	26	FullDelay	0.00288	2880	1	2
2.71576	leaf-2	0	27	LastDelay	0.00576	5760	1	2
2.71576	leaf-2	0	27	FullDelay	0.00576	5760	1	2
2.72576	leaf-3	0	27	LastDelay	0.00576	5760	1	2
2.72576	leaf-3	0	27	FullDelay	0.00576	5760	1	2
2.73288	leaf-4	0	27	LastDelay	0.00288	2880	1	2
2.73288	leaf-4	0	27	FullDelay	0.00288	2880	1	2
2.80288	leaf-1	0	27	LastDelay	0.00288	2880	1	2
2.80288	leaf-1	0	27	FullDelay	0.00288	2880	1	2
2.81576	leaf-2	0	28	LastDelay	0.00576	5760	1	2
2.81576	leaf-2	0	28	FullDelay	0.00576	5760	1	2
2.82576	leaf-3	0	28	LastDelay	0.00576	5760	1	2
2.82576	leaf-3	0	28	FullDelay	0.00576	5760	1	2
2.83288	leaf-4	0	28	LastDelay	0.00288	2880	1	2
2.83288	leaf-4	0	28	FullDelay	0.00288	2880	1	2
2.90288	leaf-1	0	28	LastDelay	0.00288	2880	1	2
2.90288	leaf-1	0	28	FullDelay	0.00288	2880	1	2
2.91576	leaf-2	0	29	LastDelay	0.00576	5760	1	2
2.91576	leaf-2	0	29	FullDelay	0.00576	5760	1	2
2.92576	leaf-3	0	29	LastDelay	0.00576	5760	1	2
2.92576	leaf-3	0	29	FullDelay	0.00576	5760	1	2
2.93288	leaf-4	0	29	LastDelay	0.00288	2880	1	2
2.93288	leaf-4	0	29	FullDelay	0.00288	2880	1	2
3.00288	leaf-1	0	29	LastDelay	0.00288	2880	1	2
3.00288	leaf-1	0	29	FullDelay	0.00288	2880	1	2
3.01576	leaf-2	0	30	LastDelay	0.00576	5760	1	2
3.01576	leaf-2	0	30	FullDelay	0.00576	5760	1	2
3.02576	leaf-3	0	30	LastDelay	0.00576	5760	1	2
3.02576	leaf-3	0	30	FullDelay	0.00576	5760	1	2
3.03288	leaf-4	0	30	LastDelay	0.00288	2880	1	2
3.03288	leaf-4	0	30	FullDelay	0.00288	2880	1	2
3.10288	leaf-1	0	30	LastDelay	0.00288	2880	1	2
3.10288	leaf-1	0	30	FullDelay	0.00288	2880	1	2
3.11576	leaf-2	0	31	LastDelay	0.00576	5760	1	2
3.11576	leaf-2	0	31	FullDelay	0.00576	5760	1	2
3.12576	leaf-3	0	31	LastDelay	0.00576	5760	1	2
3.12576	leaf-3	0	31	FullDelay	0.00576	5760	1	2
3.13288	leaf-4	0	31	LastDelay	0.00288	2880	1	2
3.13288	leaf-4	0	31	FullDelay	0.00288	2880	1	2
3.20288	leaf-1	0	31	LastDelay	0.00288	2880	1	2
3.20288	leaf-1	0	31	FullDelay	0.00288	2880	1	2
3.21576	leaf-2	0	32	LastDelay	0.00576	5760	1	2
3.21576	leaf-2	0	32	FullDelay	0.00576	5760	1	2
3.22576	leaf-3	0	32	LastDelay	0.00576	5760	1	2
3.22576	leaf-3	0	32	FullDelay	0.00576	5760	1	2
3.23288	leaf-4	0	32	LastDelay	0.00288	2880	1	2
3.23288	leaf-4	0	32	FullDelay	0.00288	2880	1	2
3.30288	leaf-1	0	32	LastDelay	0.00288	2880	1	2
3.30288	leaf-1	0	32	FullDelay	0.00288	2880	1	2
3.31576	leaf-2	0	33	LastDelay	0.00576	5760	1	2
3.31576	leaf-2	0	33	FullDelay	0.00576	5760	1	2
3.32576	leaf-3	0	33	LastDelay	0.00576	5760	1	2
3.32576	leaf-3	0	33	FullDelay	0.00576	5760	1	2
3.33288	leaf-4	0	33	LastDelay	0.00288	2880	1	2
3.33288	leaf-4	0	33	FullDelay	0.00288	2880	1	2
3.40288	leaf-1	0	33	LastDelay	0.00288	2880	1	2
3.40288	leaf-1	0	33	FullDelay	0.00288	2880	1	2
3.41576	leaf-2	0	34	LastDelay	0.00576	5760	1	2
3.41576	leaf-2	0	34	FullDelay	0.00576	5760	1	2
3.42576	leaf-3	0	34	LastDelay	0.00576	5760	1	2
3.42576	leaf-3	0	34	FullDelay	0.00576	5760	1	2
3.43288	leaf-4	0	34	LastDelay	0.00288	2880	1	2
3.43288	leaf-4	0	34	FullDelay	0.00288	2880	1	2
3.50288	leaf-1	0	34	LastDelay	0.00288	2880	1	2
3.50288	leaf-1	0	34	FullDelay	0.00288	2880	1	2
3.51576	leaf-2	0	35	LastDelay	0.00576	5760	1	2
3.51576	leaf-2	0	35	FullDelay	0.00576	5760	1	2
3.52576	leaf-3	0	35	LastDelay	0.00576	5760	1	2
3.52576	leaf-3	0	35	FullDelay	0.00576	5760	1	2
3.53288	leaf-4	0	35	LastDelay	0.00288	2880	1	2
3.53288	leaf-4	0	35	FullDelay	0.00288	2880	1	2
3.60288	leaf-1	0	35	LastDelay	0.00288	2880	1	2
3.60288	leaf-1	0	35	FullDelay	0.00288	2880	1	2
3.61576	leaf-2	0	36	LastDelay	0.00576	5760	1	2
3.61576	leaf-2	0	36	FullDelay	0.00576	5760	1	2
3.62576	leaf-3	0	36	LastDelay	0.00576	5760	1	2
3.62576	leaf-3	0	36	FullDelay	0.00576	5760	1	2
3.63288	leaf-4	0	36	LastDelay	0.00288	2880	1	2
3.63288	leaf-4	0	36	FullDelay	0.00288	2880	1	2
3.70288	leaf-1	0	36	LastDelay	0.00288	2880	1	2
3.70288	leaf-1	0	36	FullDelay	0.00288	2880	1	2
3.71576	leaf-2	0	37	LastDelay	0.00576	5760	1	2
3.71576	leaf-2	0	37	FullDelay	0.00576	5760	1	2
3.72576	leaf-3	0	37	LastDelay	0.00576	5760	1	2
3.72576	leaf-3	0	37	FullDelay	0.00576	5760	1	2
3.73288	leaf-4	0	37	LastDelay	0.00288	2880	1	2
3.73288	leaf-4	0	37	FullDelay	0.00288	2880	1	2
3.80288	leaf-1	0	37	LastDelay	0.00288	2880	1	2
3.80288	leaf-1	0	37	FullDelay	0.00288	2880	1	2
3.81576	leaf-2	0	38	LastDelay	0.00576	5760	1	2
3.81576	leaf-2	0	38	FullDelay	0.00576	5760	1	2
3.82576	leaf-3	0	38	LastDelay	0.00576	5760	1	2
3.82576	leaf-3	0	38	FullDelay	0.00576	5760	1	2
3.83288	leaf-4	0	38	LastDelay	0.00288	2880	1	2
3.83288	leaf-4	0	38	FullDelay	0.00288	2880	1	2
3.90288	leaf-1	0	38	LastDelay	0.00288	2880	1	2
3.90288	leaf-1	0	38	FullDelay	0.00288	2880	1	2
3.91576	leaf-2	0	39	LastDelay	0.00576	5760	1	2
3.91576	leaf-2	0	39	FullDelay	0.00576	5760	1	2
3.92576	leaf-3	0	39	LastDelay	0.00576	5760	1	2
3.92576	leaf-3	0	39	FullDelay	0.00576	5760	1	2
3.93288	leaf-4	0	39	LastDelay	0.00288	2880	1	2
3.93288	leaf-4	0	39	FullDelay	0.00288	2880	1	2
4.00288	leaf-1	0	39	LastDelay	0.00288	2880	1	2
4.00288	leaf-1	0	39	FullDelay	0.00288	2880	1	2
4.01576	leaf-2	0	40	LastDelay	0.00576	5760	1	2
4.01576	leaf-2	0	40	FullDelay	0.00576	5760	1	2
4.02576	leaf-3	0	40	LastDelay	0.00576	5760	1	2
4.02576	leaf-3	0	40	FullDelay	0.00576	5760	1	2
4.03288	leaf-4	0	40	LastDelay	0.00288	2880	1	2
4.03288	leaf-4	0	40	FullDelay	0.00288	2880	1	2
4.10288	leaf-1	0	40	LastDelay	0.00288	2880	1	2
4.10288	leaf-1	0	40	FullDelay	0.00288	2880	1	2
4.11576	leaf-2	0	41	LastDelay	0.00576	5760	1	2
4.11576	leaf-2	0	41	FullDelay	0.00576	5760	1	2
4.12576	leaf-3	0	41	LastDelay	0.00576	5760	1	2
4.12576	leaf-3	0	41	FullDelay	0.00576	5760	1	2
4.13288	leaf-4	0	41	LastDelay	0.00288	2880	1	2
4.13288	leaf-4	0	41	FullDelay	0.00288	2880	1	2
4.20288	leaf-1	0	41	LastDelay	0.00288	2880	1	2
4.20288	leaf-1	0	41	FullDelay	0.00288	2880	1	2
4.21576	leaf-2	0	42	LastDelay	0.00576	5760	1	2
4.21576	leaf-2	0	42	FullDelay	0.00576	5760	1	2
4.22576	leaf-3	0	42	LastDelay	0.00576	5760	1	2
4.22576	leaf-3	0	42	FullDelay	0.00576	5760	1	2
4.23288	leaf-4	0	42	LastDelay	0.00288	2880	1	2
4.23288	leaf-4	0	42	FullDelay	0.00288	2880	1	2
4.30288	leaf-1	0	42	LastDelay	0.00288	2880	1	2
4.30288	leaf-1	0	42	FullDelay	0.00288	2880	1	2
4.31576	leaf-2	0	43	LastDelay	0.00576	5760	1	2
4.31576	leaf-2	0	43	FullDelay	0.00576	5760	1	2
4.32576	leaf-3	0	43	LastDelay	0.00576	5760	1	2
4.32576	leaf-3	0	43	FullDelay	0.00576	5760	1	2
4.33288	leaf-4	0	43	LastDelay	0.00288	2880	1	2
4.33288	leaf-4	0	43	FullDelay	0.00288	2880	1	2
4.40288	leaf-1	0	43	LastDelay	0.00288	2880	1	2
4.40288	leaf-1	0	43	FullDelay	0.00288	2880	1	2
4.41576	leaf-2	0	44	LastDelay	0.00576	5760	1	2
4.41576	leaf-2	0	44	FullDelay	0.00576	5760	1	2
4.42576	leaf-3	0	44	LastDelay	0.00576	5760	1	2
4.42576	leaf-3	0	44	FullDelay	0.00576	5760	1	2
4.43288	leaf-4	0	44	LastDelay	0.00288	2880	1	2
4.43288	leaf-4	0	44	FullDelay	0.00288	2880	1	2
4.50288	leaf-1	0	44	LastDelay	0.00288	2880	1	2
4.50288	leaf-1	0	44	FullDelay	0.00288	2880	1	2
4.51576	leaf-2	0	45	LastDelay	0.00576	5760	1	2
4.51576	leaf-2	0	45	FullDelay	0.00576	5760	1	2
4.52576	leaf-3	0	45	LastDelay	0.00576	5760	1	2
4.52576	leaf-3	0	45	FullDelay	0.00576	5760	1	2
4.53288	leaf-4	0	45	LastDelay	0.00288	2880	1	2
4.53288	leaf-4	0	45	FullDelay	0.00288	2880	1	2
4.60288	leaf-1	0	45	LastDelay	0.00288	2880	1	2
4.60288	leaf-1	0	45	FullDelay	0.00288	2880	1	2
4.61576	leaf-2	0	46	LastDelay	0.00576	5760	1	2
4.61576	leaf-2	0	46	FullDelay	0.00576	5760	1	2
4.62576	leaf-3	0	46	LastDelay	0.00576	5760	1	2
4.62576	leaf-3	0	46	FullDelay	0.00576	5760	1	2
4.63288	leaf-4	0	46	LastDelay	0.00288	2880	1	2
4.63288	leaf-4	0	46	FullDelay	0.00288	2880	1	2
4.70288	leaf-1	0	46	LastDelay	0.00288	2880	1	2
4.70288	leaf-1	0	46	FullDelay	0.00288	2880	1	2
4.71576	leaf-2	0	47	LastDelay	0.00576	5760	1	2
4.71576	leaf-2	0	47	FullDelay	0.00576	5760	1	2
4.72576	leaf-3	0	47	LastDelay	0.00576	5760	1	2
4.72576	leaf-3	0	47	FullDelay	0.00576	5760	1	2
4.73288	leaf-4	0	47	LastDelay	0.00288	2880	1	2
4.73288	leaf-4	0	47	FullDelay	0.00288	2880	1	2
4.80288	leaf-1	0	47	LastDelay	0.00288	2880	1	2
4.80288	leaf-1	0	47	FullDelay	0.00288	2880	1	2
4.81576	leaf-2	0	48	LastDelay	0.00576	5760	1	2
4.81576	leaf-2	0	48	FullDelay	0.00576	5760	1	2
4.82576	leaf-3	0	48	LastDelay	0.00576	5760	1	2
4.82576	leaf-3	0	48	FullDelay	0.00576	5760	1	2
4.83288	leaf-4	0	48	LastDelay	0.00288	2880	1	2
4.83288	leaf-4	0	48	FullDelay	0.00288	2880	1	2
4.90288	leaf-1	0	48	LastDelay	0.00288	2880	1	2
4.90288	leaf-1	0	48	FullDelay	0.00288	2880	1	2
4.91576	leaf-2	0	49	LastDelay	0.00576	5760	1	2
4.91576	leaf-2	0	49	FullDelay	0.00576	5760	1	2
4.92576	leaf-3	0	49	LastDelay	0.00576	5760	1	2
4.92576	leaf-3	0	49	FullDelay	0.00576	5760	1	2
4.93288	leaf-4	0	49	LastDelay	0.00288	2880	1	2
4.93288	leaf-4	0	49	FullDelay	0.00288	2880	1	2
5.00288	leaf-1	0	49	LastDelay	0.00288	2880	1	2
5.00288	leaf-1	0	49	FullDelay	0.00288	2880	1	2
5.01576	leaf-2	0	50	LastDelay	0.00576	5760	1	2
5.01576	leaf-2	0	50	FullDelay	0.00576	5760	1	2
5.02576	leaf-3	0	50	LastDelay	0.00576	5760	1	2
5.02576	leaf-3	0	50	FullDelay	0.00576	5760	1	2
5.03288	leaf-4	0	50	LastDelay	0.00288	2880	1	2
5.03288	leaf-4	0	50	FullDelay	0.00288	2880	1	2
5.10288	leaf-1	0	50	LastDelay	0.00288	2880	1	2
5.10288	leaf-1	0	50	FullDelay	0.00288	2880	1	2
5.11576	leaf-2	0	51	LastDelay	0.00576	5760	1	2
5.11576	leaf-2	0	51	FullDelay	0.00576	5760	1	2
5.12576	leaf-3	0	51	LastDelay	0.00576	5760	1	2
5.12576	leaf-3	0	51	FullDelay	0.00576	5760	1	2
5.13288	leaf-4	0	51	LastDelay	0.00288	2880	1	2
5.13288	leaf-4	0	51	FullDelay	0.00288	2880	1	2
5.20288	leaf-1	0	51	LastDelay	0.00288	2880	1	2
5.20288	leaf-1	0	51	FullDelay	0.00288	2880	1	2
5.21576	leaf-2	0	52	LastDelay	0.00576	5760	1	2
5.21576	leaf-2	0	52	FullDelay	0.00576	5760	1	2
5.22576	leaf-3	0	52	LastDelay	0.00576	5760	1	2
5.22576	leaf-3	0	52	FullDelay	0.00576	5760	1	2
5.23288	leaf-4	0	52	LastDelay	0.00288	2880	1	2
5.23288	leaf-4	0	52	FullDelay	0.00288	2880	1	2
5.30288	leaf-1	0	52	LastDelay	0.00288	2880	1	2
5.30288	leaf-1	0	52	FullDelay	0.00288	2880	1	2
5.31576	leaf-2	0	53	LastDelay	0.00576	5760	1	2
5.31576	leaf-2	0	53	FullDelay	0.00576	5760	1	2
5.32576	leaf-3	0	53	LastDelay	0.00576	5760	1	2
5.32576	leaf-3	0	53	FullDelay	0.00576	5760	1	2
5.33288	leaf-4	0	53	LastDelay	0.00288	2880	1	2
5.33288	leaf-4	0	53	FullDelay	0.00288	2880	1	2
5.40288	leaf-1	0	53	LastDelay	0.00288	2880	1	2
5.40288	leaf-1	0	53	FullDelay	0.00288	2880	1	2
5.41576	leaf-2	0	54	LastDelay	0.00576	5760	1	2
5.41576	leaf-2	0	54	FullDelay	0.00576	5760	1	2
5.42576	leaf-3	0	54	LastDelay	0.00576	5760	1	2
5.42576	leaf-3	0	54	FullDelay	0.00576	5760	1	2
5.43288	leaf-4	0	54	LastDelay	0.00288	2880	1	2
5.43288	leaf-4	0	54	FullDelay	0.00288	2880	1	2
5.50288	leaf-1	0	54	LastDelay	0.00288	2880	1	2
5.50288	leaf-1	0	54	FullDelay	0.00288	2880	1	2
5.51576	leaf-2	0	55	LastDelay	0.00576	5760	1	2
5.51576	leaf-2	0	55	FullDelay	0.00576	5760	1	2
5.52576	leaf-3	0	55	LastDelay	0.00576	5760	1	2
5.52576	leaf-3	0	55	FullDelay	0.00576	5760	1	2
5.53288	leaf-4	0	55	LastDelay	0.00288	2880	1	2
5.53288	leaf-4	0	55	FullDelay	0.00288	2880	1	2
5.60288	leaf-1	0	55	LastDelay	0.00288	2880	1	2
5.60288	leaf-1	0	55	FullDelay	0.00288	2880	1	2
5.61576	leaf-2	0	56	LastDelay	0.00576	5760	1	2
5.61576	leaf-2	0	56	FullDelay	0.00576	5760	1	2
5.62576	leaf-3	0	56	LastDelay	0.00576	5760	1	2
5.62576	leaf-3	0	56	FullDelay	0.00576	5760	1	2
5.63288	leaf-4	0	56	LastDelay	0.00288	2880	1	2
5.63288	leaf-4	0	56	FullDelay	0.00288	2880	1	2
5.70288	leaf-1	0	56	LastDelay	0.00288	2880	1	2
5.70288	leaf-1	0	56	FullDelay	0.00288	2880	1	2
5.71576	leaf-2	0	57	LastDelay	0.00576	5760	1	2
5.71576	leaf-2	0	57	FullDelay	0.00576	5760	1	2
5.72576	leaf-3	0	57	LastDelay	0.00576	5760	1	2
5.72576	leaf-3	0	57	FullDelay	0.00576	5760	1	2
5.73288	leaf-4	0	57	LastDelay	0.00288	2880	1	2
5.73288	leaf-4	0	57	FullDelay	0.00288	2880	1	2
5.80288	leaf-1	0	57	LastDelay	0.00288	2880	1	2
5.80288	leaf-1	0	57	FullDelay	0.00288	2880	1	2
5.81576	leaf-2	0	58	LastDelay	0.00576	5760	1	2
5.81576	leaf-2	0	58	FullDelay	0.00576	5760	1	2
5.82576	leaf-3	0	58	LastDelay	0.00576	5760	1	2
5.82576	leaf-3	0	58	FullDelay	0.00576	5760	1	2
5.83288	leaf-4	0	58	LastDelay	0.00288	2880	1	2
5.83288	leaf-4	0	58	FullDelay	0.00288	2880	1	2
5.90288	leaf-1	0	58	LastDelay	0.00288	2880	1	2
5.90288	leaf-1	0	58	FullDelay	0.00288	2880	1	2
5.91576	leaf-2	0	59	LastDelay	0.00576	5760	1	2
5.91576	leaf-2	0	59	FullDelay	0.00576	5760	1	2
5.92576	leaf-3	0	59	LastDelay	0.00576	5760	1	2
5.92576	leaf-3	0	59	FullDelay	0.00576	5760	1	2
5.93288	leaf-4	0	59	LastDelay	0.00288	2880	1	2
5.93288	leaf-4	0	59	FullDelay	0.00288	2880	1	2
6.00288	leaf-1	0	59	LastDelay	0.00288	2880	1	2
6.00288	leaf-1	0	59	FullDelay	0.00288	2880	1	2
6.01576	leaf-2	0	60	LastDelay	0.00576	5760	1	2
6.01576	leaf-2	0	60	FullDelay	0.00576	5760	1	2
6.02576	leaf-3	0	60	LastDelay	0.00576	5760	1	2
6.02576	leaf-3	0	60	FullDelay	0.00576	5760	1	2
6.03288	leaf-4	0	60	LastDelay	0.00288	2880	1	2
6.03288	leaf-4	0	60	FullDelay	0.00288	2880	1	2
6.10288	leaf-1	0	60	LastDelay	0.00288	2880	1	2
6.10288	leaf-1	0	60	FullDelay	0.00288	2880	1	2
6.11576	leaf-2	0	61	LastDelay	0.00576	5760	1	2
6.11576	leaf-2	0	61	FullDelay	0.00576	5760	1	2
6.12576	leaf-3	0	61	LastDelay	0.00576	5760	1	2
6.12576	leaf-3	0	61	FullDelay	0.00576	5760	1	2
6.13288	leaf-4	0	61	LastDelay	0.00288	2880	1	2
6.13288	leaf-4	0	61	FullDelay	0.00288	2880	1	2
6.20288	leaf-1	0	61	LastDelay	0.00288	2880	1	2
6.20288	leaf-1	0	61	FullDelay	0.00288	2880	1	2
6.21576	leaf-2	0	62	LastDelay	0.00576	5760	1	2
6.21576	leaf-2	0	62	FullDelay	0.00576	5760	1	2
6.22576	leaf-3	0	62	LastDelay	0.00576	5760	1	2
6.22576	leaf-3	0	62	FullDelay	0.00576	5760	1	2
6.23288	leaf-4	0	62	LastDelay	0.00288	2880	1	2
6.23288	leaf-4	0	62	FullDelay	0.00288	2880	1	2
6.30288	leaf-1	0	62	LastDelay	0.00288	2880	1	2
6.30288	leaf-1	0	62	FullDelay	0.00288	2880	1	2
6.31576	leaf-2	0	63	LastDelay	0.00576	5760	1	2
6.31576	leaf-2	0	63	FullDelay	0.00576	5760	1	2
6.32576	leaf-3	0	63	LastDelay	0.00576	5760	1	2
6.32576	leaf-3	0	63	FullDelay	0.00576	5760	1	2
6.33288	leaf-4	0	63	LastDelay	0.00288	2880	1	2
6.33288	leaf-4	0	63	FullDelay	0.00288	2880	1	2
6.40288	leaf-1	0	63	LastDelay	0.00288	2880	1	2
6.40288	leaf-1	0	63	FullDelay	0.00288	2880	1	2
6.41576	leaf-2	0	64	LastDelay	0.00576	5760	1	2
6.41576	leaf-2	0	64	FullDelay	0.00576	5760	1	2
6.42576	leaf-3	0	64	LastDelay	0.00576	5760	1	2
6.42576	leaf-3	0	64	FullDelay	0.00576	5760	1	2
6.43288	leaf-4	0	64	LastDelay	0.00288	2880	1	2
6.43288	leaf-4	0	64	FullDelay	0.00288	2880	1	2
6.50288	leaf-1	0	64	LastDelay	0.00288	2880	1	2
6.50288	leaf-1	0	64	FullDelay	0.00288	2880	1	2
6.51576	leaf-2	0	65	LastDelay	0.00576	5760	1	2
6.51576	leaf-2	0	65	FullDelay	0.00576	5760	1	2
6.52576	leaf-3	0	65	LastDelay	0.00576	5760	1	2
6.52576	leaf-3	0	65	FullDelay	0.00576	5760	1	2
6.53288	leaf-4	0	65	LastDelay	0.00288	2880	1	2
6.53288	leaf-4	0	65	FullDelay	0.00288	2880	1	2
6.60288	leaf-1	0	65	LastDelay	0.00288	2880	1	2
6.60288	leaf-1	0	65	FullDelay	0.00288	2880	1	2
6.61576	leaf-2	0	66	LastDelay	0.00576	5760	1	2
6.61576	leaf-2	0	66	FullDelay	0.00576	5760	1	2
6.62576	leaf-3	0	66	LastDelay	0.00576	5760	1	2
6.62576	leaf-3	0	66	FullDelay	0.00576	5760	1	2
6.63288	leaf-4	0	66	LastDelay	0.00288	2880	1	2
6.63288	leaf-4	0	66	FullDelay	0.00288	2880	1	2
6.70288	leaf-1	0	66	LastDelay	0.00288	2880	1	2
6.70288	leaf-1	0	66	FullDelay	0.00288	2880	1	2
6.71576	leaf-2	0	67	LastDelay	0.00576	5760	1	2
6.71576	leaf-2	0	67	FullDelay	0.00576	5760	1	2
6.72576	leaf-3	0	67	LastDelay	0.00576	5760	1	2
6.72576	leaf-3	0	67	FullDelay	0.00576	5760	1	2
6.73288	leaf-4	0	67	LastDelay	0.00288	2880	1	2
6.73288	leaf-4	0	67	FullDelay	0.00288	2880	1	2
6.80288	leaf-1	0	67	LastDelay	0.00288	2880	1	2
6.80288	leaf-1	0	67	FullDelay	0.00288	2880	1	2
6.81576	leaf-2	0	68	LastDelay	0.00576	5760	1	2
6.81576	leaf-2	0	68	FullDelay	0.00576	5760	1	2
6.82576	leaf-3	0	68	LastDelay	0.00576	5760	1	2
6.82576	leaf-3	0	68	FullDelay	0.00576	5760	1	2
6.83288	leaf-4	0	68	LastDelay	0.00288	2880	1	2
6.83288	leaf-4	0	68	FullDelay	0.00288	2880	1	2
6.90288	leaf-1	0	68	LastDelay	0.00288	2880	1	2
6.90288	leaf-1	0	68	FullDelay	0.00288	2880	1	2
6.91576	leaf-2	0	69	LastDelay	0.00576	5760	1	2
6.91576	leaf-2	0	69	FullDelay	0.00576	5760	1	2
6.92576	leaf-3	0	69	LastDelay	0.00576	5760	1	2
6.92576	leaf-3	0	69	FullDelay	0.00576	5760	1	2
6.93288	leaf-4	0	69	LastDelay	0.00288	2880	1	2
6.93288	leaf-4	0	69	FullDelay	0.00288	2880	1	2
7.00288	leaf-1	0	69	LastDelay	0.00288	2880	1	2
7.00288	leaf-1	0	69	FullDelay	0.00288	2880	1	2
7.01576	leaf-2	0	70	LastDelay	0.00576	5760	1	2
7.01576	leaf-2	0	70	FullDelay	0.00576	5760	1	2
7.02576	leaf-3	0	70	LastDelay	0.00576	5760	1	2
7.02576	leaf-3	0	70	FullDelay	0.00576	5760	1	2
7.03288	leaf-4	0	70	LastDelay	0.00288	2880	1	2
7.03288	leaf-4	0	70	FullDelay	0.00288	2880	1	2
7.10288	leaf-1	0	70	LastDelay	0.00288	2880	1	2
7.10288	leaf-1	0	70	FullDelay	0.00288	2880	1	2
7.11576	leaf-2	0	71	LastDelay	0.00576	5760	1	2
7.11576	leaf-2	0	71	FullDelay	0.00576	5760	1	2
7.12576	leaf-3	0	71	LastDelay	0.00576	5760	1	2
7.12576	leaf-3	0	71	FullDelay	0.00576	5760	1	2
7.13288	leaf-4	0	71	LastDelay	0.00288	2880	1	2
7.13288	leaf-4	0	71	FullDelay	0.00288	2880	1	2
7.20288	leaf-1	0	71	LastDelay	0.00288	2880	1	2
7.20288	leaf-1	0	71	FullDelay	0.00288	2880	1	2
7.21576	leaf-2	0	72	LastDelay	0.00576	5760	1	2
7.21576	leaf-2	0	72	FullDelay	0.00576	5760	1	2
7.22576	leaf-3	0	72	LastDelay	0.00576	5760	1	2
7.22576	leaf-3	0	72	FullDelay	0.00576	5760	1	2
7.23288	leaf-4	0	72	LastDelay	0.00288	2880	1	2
7.23288	leaf-4	0	72	FullDelay	0.00288	2880	1	2
7.30288	leaf-1	0	72	LastDelay	0.00288	2880	1	2
7.30288	leaf-1	0	72	FullDelay	0.00288	2880	1	2
7.31576	leaf-2	0	73	LastDelay	0.00576	5760	1	2
7.31576	leaf-2	0	73	FullDelay	0.00576	5760	1	2
7.32576	leaf-3	0	73	LastDelay	0.00576	5760	1	2
7.32576	leaf-3	0	73	FullDelay	0.00576	5760	1	2
7.33288	leaf-4	0	73	LastDelay	0.00288	2880	1	2
7.33288	leaf-4	0	73	FullDelay	0.00288	2880	1	2
7.40288	leaf-1	0	73	LastDelay	0.00288	2880	1	2
7.40288	leaf-1	0	73	FullDelay	0.00288	2880	1	2
7.41576	leaf-2	0	74	LastDelay	0.00576	5760	1	2
7.41576	leaf-2	0	74	FullDelay	0.00576	5760	1	2
7.42576	leaf-3	0	74	LastDelay	0.00576	5760	1	2
7.42576	leaf-3	0	74	FullDelay	0.00576	5760	1	2
7.43288	leaf-4	0	74	LastDelay	0.00288	2880	1	2
7.43288	leaf-4	0	74	FullDelay	0.00288	2880	1	2
7.50288	leaf-1	0	74	LastDelay	0.00288	2880	1	2
7.50288	leaf-1	0	74	FullDelay	0.00288	2880	1	2
7.51576	leaf-2	0	75	LastDelay	0.00576	5760	1	2
7.51576	leaf-2	0	75	FullDelay	0.00576	5760	1	2
7.52576	leaf-3	0	75	LastDelay	0.00576	5760	1	2
7.52576	leaf-3	0	75	FullDelay	0.00576	5760	1	2
7.53288	leaf-4	0	75	LastDelay	0.00288	2880	1	2
7.53288	leaf-4	0	75	FullDelay	0.00288	2880	1	2
7.60288	leaf-1	0	75	LastDelay	0.00288	2880	1	2
7.60288	leaf-1	0	75	FullDelay	0.00288	2880	1	2
7.61576	leaf-2	0	76	LastDelay	0.00576	5760	1	2
7.61576	leaf-2	0	76	FullDelay	0.00576	5760	1	2
7.62576	leaf-3	0	76	LastDelay	0.00576	5760	1	2
7.62576	leaf-3	0	76	FullDelay	0.00576	5760	1	2
7.63288	leaf-4	0	76	LastDelay	0.00288	2880	1	2
7.63288	leaf-4	0	76	FullDelay	0.00288	2880	1	2
7.70288	leaf-1	0	76	LastDelay	0.00288	2880	1	2
7.70288	leaf-1	0	76	FullDelay	0.00288	2880	1	2
7.71576	leaf-2	0	77	LastDelay	0.00576	5760	1	2
7.71576	leaf-2	0	77	FullDelay	0.00576	5760	1	2
7.72576	leaf-3	0	77	LastDelay	0.00576	5760	1	2
7.72576	leaf-3	0	77	FullDelay	0.00576	5760	1	2
7.73288	leaf-4	0	77	LastDelay	0.00288	2880	1	2
7.73288	leaf-4	0	77	FullDelay	0.00288	2880	1	2
7.80288	leaf-1	0	77	LastDelay	0.00288	2880	1	2
7.80288	leaf-1	0	77	FullDelay	0.00288	2880	1	2
7.81576	leaf-2	0	78	LastDelay	0.00576	5760	1	2
7.81576	leaf-2	0	78	FullDelay	0.00576	5760	1	2
7.82576	leaf-3	0	78	LastDelay	0.00576	5760	1	2
7.82576	leaf-3	0	78	FullDelay	0.00576	5760	1	2
7.83288	leaf-4	0	78	LastDelay	0.00288	2880	1	2
7.83288	leaf-4	0	78	FullDelay	0.00288	2880	1	2
7.90288	leaf-1	0	78	LastDelay	0.00288	2880	1	2
7.90288	leaf-1	0	78	FullDelay	0.00288	2880	1	2
7.91576	leaf-2	0	79	LastDelay	0.00576	5760	1	2
7.91576	leaf-2	0	79	FullDelay	0.00576	5760	1	2
7.92576	leaf-3	0	79	LastDelay	0.00576	5760	1	2
7.92576	leaf-3	0	79	FullDelay	0.00576	5760	1	2
7.93288	leaf-4	0	79	LastDelay	0.00288	2880	1	2
7.93288	leaf-4	0	79	FullDelay	0.00288	2880	1	2
8.00288	leaf-1	0	79	LastDelay	0.00288	2880	1	2
8.00288	leaf-1	0	79	FullDelay	0.00288	2880	1	2
8.01576	leaf-2	0	80	LastDelay	0.00576	5760	1	2
8.01576	leaf-2	0	80	FullDelay	0.00576	5760	1	2
8.02576	leaf-3	0	80	LastDelay	0.00576	5760	1	2
8.02576	leaf-3	0	80	FullDelay	0.00576	5760	1	2
8.03288	leaf-4	0	80	LastDelay	0.00288	2880	1	2
8.03288	leaf-4	0	80	FullDelay	0.00288	2880	1	2
8.10288	leaf-1	0	80	LastDelay	0.00288	2880	1	2
8.10288	leaf-1	0	80	FullDelay	0.00288	2880	1	2
8.11576	leaf-2	0	81	LastDelay	0.00576	5760	1	2
8.11576	leaf-2	0	81	FullDelay	0.00576	5760	1	2
8.12576	leaf-3	0	81	LastDelay	0.00576	5760	1	2
8.12576	leaf-3	0	81	FullDelay	0.00576	5760	1	2
8.13288	leaf-4	0	81	LastDelay	0.00288	2880	1	2
8.13288	leaf-4	0	81	FullDelay	0.00288	2880	1	2
8.20288	leaf-1	0	81	LastDelay	0.00288	2880	1	2
8.20288	leaf-1	0	81	FullDelay	0.00288	2880	1	2
8.21576	leaf-2	0	82	LastDelay	0.00576	5760	1	2
8.21576	leaf-2	0	82	FullDelay	0.00576	5760	1	2
8.22576	leaf-3	0	82	LastDelay	0.00576	5760	1	2
8.22576	leaf-3	0	82	FullDelay	0.00576	5760	1	2
8.23288	leaf-4	0	82	LastDelay	0.00288	2880	1	2
8.23288	leaf-4	0	82	FullDelay	0.00288	2880	1	2
8.30288	leaf-1	0	82	LastDelay	0.00288	2880	1	2
8.30288	leaf-1	0	82	FullDelay	0.00288	2880	1	2
8.31576	leaf-2	0	83	LastDelay	0.00576	5760	1	2
8.31576	leaf-2	0	83	FullDelay	0.00576	5760	1	2
8.32576	leaf-3	0	83	LastDelay	0.00576	5760	1	2
8.32576	leaf-3	0	83	FullDelay	0.00576	5760	1	2
8.33288	leaf-4	0	83	LastDelay	0.00288	2880	1	2
8.33288	leaf-4	0	83	FullDelay	0.00288	2880	1	2
8.40288	leaf-1	0	83	LastDelay	0.00288	2880	1	2
8.40288	leaf-1	0	83	FullDelay	0.00288	2880	1	2
8.41576	leaf-2	0	84	LastDelay	0.00576	5760	1	2
8.41576	leaf-2	0	84	FullDelay	0.00576	5760	1	2
8.42576	leaf-3	0	84	LastDelay	0.00576	5760	1	2
8.42576	leaf-3	0	84	FullDelay	0.00576	5760	1	2
8.43288	leaf-4	0	84	LastDelay	0.00288	2880	1	2
8.43288	leaf-4	0	84	FullDelay	0.00288	2880	1	2
8.50288	leaf-1	0	84	LastDelay	0.00288	2880	1	2
8.50288	leaf-1	0	84	FullDelay	0.00288	2880	1	2
8.51576	leaf-2	0	85	LastDelay	0.00576	5760	1	2
8.51576	leaf-2	0	85	FullDelay	0.00576	5760	1	2
8.52576	leaf-3	0	85	LastDelay	0.00576	5760	1	2
8.52576	leaf-3	0	85	FullDelay	0.00576	5760	1	2
8.53288	leaf-4	0	85	LastDelay	0.00288	2880	1	2
8.53288	leaf-4	0	85	FullDelay	0.00288	2880	1	2
8.60288	leaf-1	0	85	LastDelay	0.00288	2880	1	2
8.60288	leaf-1	0	85	FullDelay	0.00288	2880	1	2
8.61576	leaf-2	0	86	LastDelay	0.00576	5760	1	2
8.61576	leaf-2	0	86	FullDelay	0.00576	5760	1	2
8.62576	leaf-3	0	86	LastDelay	0.00576	5760	1	2
8.62576	leaf-3	0	86	FullDelay	0.00576	5760	1	2
8.63288	leaf-4	0	86	LastDelay	0.00288	2880	1	2
8.63288	leaf-4	0	86	FullDelay	0.00288	2880	1	2
8.70288	leaf-1	0	86	LastDelay	0.00288	2880	1	2
8.70288	leaf-1	0	86	FullDelay	0.00288	2880	1	2
8.71576	leaf-2	0	87	LastDelay	0.00576	5760	1	2
8.71576	leaf-2	0	87	FullDelay	0.00576	5760	1	2
8.72576	leaf-3	0	87	LastDelay	0.00576	5760	1	2
8.72576	leaf-3	0	87	FullDelay	0.00576	5760	1	2
8.73288	leaf-4	0	87	LastDelay	0.00288	2880	1	2
8.73288	leaf-4	0	87	FullDelay	0.00288	2880	1	2
8.80288	leaf-1	0	87	LastDelay	0.00288	2880	1	2
8.80288	leaf-1	0	87	FullDelay	0.00288	2880	1	2
8.81576	leaf-2	0	88	LastDelay	0.00576	5760	1	2
8.81576	leaf-2	0	88	FullDelay	0.00576	5760	1	2
8.82576	leaf-3	0	88	LastDelay	0.00576	5760	1	2
8.82576	leaf-3	0	88	FullDelay	0.00576	5760	1	2
8.83288	leaf-4	0	88	LastDelay	0.00288	2880	1	2
8.83288	leaf-4	0	88	FullDelay	0.00288	2880	1	2
8.90288	leaf-1	0	88	LastDelay	0.00288	2880	1	2
8.90288	leaf-1	0	88	FullDelay	0.00288	2880	1	2
8.91576	leaf-2	0	89	LastDelay	0.00576	5760	1	2
8.91576	leaf-2	0	89	FullDelay	0.00576	5760	1	2
8.92576	leaf-3	0	89	LastDelay	0.00576	5760	1	2
8.92576	leaf-3	0	89	FullDelay	0.00576	5760	1	2
8.93288	leaf-4	0	89	LastDelay	0.00288	2880	1	2
8.93288	leaf-4	0	89	FullDelay	0.00288	2880	1	2
9.00288	leaf-1	0	89	LastDelay	0.00288	2880	1	2
9.00288	leaf-1	0	89	FullDelay	0.00288	2880	1	2
9.01576	leaf-2	0	90	LastDelay	0.00576	5760	1	2
9.01576	leaf-2	0	90	FullDelay	0.00576	5760	1	2
9.02576	leaf-3	0	90	LastDelay	0.00576	5760	1	2
9.02576	leaf-3	0	90	FullDelay	0.00576	5760	1	2
9.03288	leaf-4	0	90	LastDelay	0.00288	2880	1	2
9.03288	leaf-4	0	90	FullDelay	0.00288	2880	1	2
9.10288	leaf-1	0	90	LastDelay	0.00288	2880	1	2
9.10288	leaf-1	0	90	FullDelay	0.00288	2880	1	2
9.11576	leaf-2	0	91	LastDelay	0.00576	5760	1	2
9.11576	leaf-2	0	91	FullDelay	0.00576	5760	1	2
9.12576	leaf-3	0	91	LastDelay	0.00576	5760	1	2
9.12576	leaf-3	0	91	FullDelay	0.00576	5760	1	2
9.13288	leaf-4	0	91	LastDelay	0.00288	2880	1	2
9.13288	leaf-4	0	91	FullDelay	0.00288	2880	1	2
9.20288	leaf-1	0	91	LastDelay	0.00288	2880	1	2
9.20288	leaf-1	0	91	FullDelay	0.00288	2880	1	2
9.21576	leaf-2	0	92	LastDelay	0.00576	5760	1	2
9.21576	leaf-2	0	92	FullDelay	0.00576	5760	1	2
9.22576	leaf-3	0	92	LastDelay	0.00576	5760	1	2
9.22576	leaf-3	0	92	FullDelay	0.00576	5760	1	2
9.23288	leaf-4	0	92	LastDelay	0.00288	2880	1	2
9.23288	leaf-4	0	92	FullDelay	0.00288	2880	1	2
9.30288	leaf-1	0	92	LastDelay	0.00288	2880	1	2
9.30288	leaf-1	0	92	FullDelay	0.00288	2880	1	2
9.31576	leaf-2	0	93	LastDelay	0.00576	5760	1	2
9.31576	leaf-2	0	93	FullDelay	0.00576	5760	1	2
9.32576	leaf-3	0	93	LastDelay	0.00576	5760	1	2
9.32576	leaf-3	0	93	FullDelay	0.00576	5760	1	2
9.33288	leaf-4	0	93	LastDelay	0.00288	2880	1	2
9.33288	leaf-4	0	93	FullDelay	0.00288	2880	1	2
9.40288	leaf-1	0	93	LastDelay	0.00288	2880	1	2
9.40288	leaf-1	0	93	FullDelay	0.00288	2880	1	2
9.41576	leaf-2	0	94	LastDelay	0.00576	5760	1	2
9.41576	leaf-2	0	94	FullDelay	0.00576	5760	1	2
9.42576	leaf-3	0	94	LastDelay	0.00576	5760	1	2
9.42576	leaf-3	0	94	FullDelay	0.00576	5760	1	2
9.43288	leaf-4	0	94	LastDelay	0.00288	2880	1	2
9.43288	leaf-4	0	94	FullDelay	0.00288	2880	1	2
9.50288	leaf-1	0	94	LastDelay	0.00288	2880	1	2
9.50288	leaf-1	0	94	FullDelay	0.00288	2880	1	2
9.51576	leaf-2	0	95	LastDelay	0.00576	5760	1	2
9.51576	leaf-2	0	95	FullDelay	0.00576	5760	1	2
9.52576	leaf-3	0	95	LastDelay	0.00576	5760	1	2
9.52576	leaf-3	0	95	FullDelay	0.00576	5760	1	2
9.53288	leaf-4	0	95	LastDelay	0.00288	2880	1	2
9.53288	leaf-4	0	95	FullDelay	0.00288	2880	1	2
9.60288	leaf-1	0	95	LastDelay	0.00288	2880	1	2
9.60288	leaf-1	0	95	FullDelay	0.00288	2880	1	2
9.61576	leaf-2	0	96	LastDelay	0.00576	5760	1	2
9.61576	leaf-2	0	96	FullDelay	0.00576	5760	1	2
9.62576	leaf-3	0	96	LastDelay	0.00576	5760	1	2
9.62576	leaf-3	0	96	FullDelay	0.00576	5760	1	2
9.63288	leaf-4	0	96	LastDelay	0.00288	2880	1	2
9.63288	leaf-4	0	96	FullDelay	0.00288	2880	1	2
9.70288	leaf-1	0	96	LastDelay	0.00288	2880	1	2
9.70288	leaf-1	0	96	FullDelay	0.00288	2880	1	2
9.71576	leaf-2	0	97	LastDelay	0.00576	5760	1	2
9.71576	leaf-2	0	97	FullDelay	0.00576	5760	1	2
9.72576	leaf-3	0	97	LastDelay	0.00576	5760	1	2
9.72576	leaf-3	0	97	FullDelay	0.00576	5760	1	2
9.73288	leaf-4	0	97	LastDelay	0.00288	2880	1	2
9.73288	leaf-4	0	97	FullDelay	0.00288	2880	1	2
9.80288	leaf-1	0	97	LastDelay	0.00288	2880	1	2
9.80288	leaf-1	0	97	FullDelay	0.00288	2880	1	2
9.81576	leaf-2	0	98	LastDelay	0.00576	5760	1	2
9.81576	leaf-2	0	98	FullDelay	0.00576	5760	1	2
9.82576	leaf-3	0	98	LastDelay	0.00576	5760	1	2
9.82576	leaf-3	0	98	FullDelay	0.00576	5760	1	2
9.83288	leaf-4	0	98	LastDelay	0.00288	2880	1	2
9.83288	leaf-4	0	98	FullDelay	0.00288	2880	1	2
9.90288	leaf-1	0	98	LastDelay	0.00288	2880	1	2
9.90288	leaf-1	0	98	FullDelay	0.00288	2880	1	2
9.91576	leaf-2	0	99	LastDelay	0.00576	5760	1	2
9.91576	leaf-2	0	99	FullDelay	0.00576	5760	1	2
9.92576	leaf-3	0	99	LastDelay	0.00576	5760	1	2
9.92576	leaf-3	0	99	FullDelay	0.00576	5760	1	2
9.93288	leaf-4	0	99	LastDelay	0.00288	2880	1	2
9.93288	leaf-4	0	99	FullDelay	0.00288	2880	1	2
10.0029	leaf-1	0	99	LastDelay	0.00288	2880	1	2
10.0029	leaf-1	0	99	FullDelay	0.00288	2880	1	2
10.0158	leaf-2	0	100	LastDelay	0.00576	5760	1	2
10.0158	leaf-2	0	100	FullDelay	0.00576	5760	1	2
10.0258	leaf-3	0	100	LastDelay	0.00576	5760	1	2
10.0258	leaf-3	0	100	FullDelay	0.00576	5760	1	2
10.0329	leaf-4	0	100	LastDelay	0.00288	2880	1	2
10.0329	leaf-4	0	100	FullDelay	0.00288	2880	1	2
10.1029	leaf-1	0	100	LastDelay	0.00288	2880	1	2
10.1029	leaf-1	0	100	FullDelay	0.00288	2880	1	2
10.1158	leaf-2	0	101	LastDelay	0.00576	5760	1	2
10.1158	leaf-2	0	101	FullDelay	0.00576	5760	1	2
10.1258	leaf-3	0	101	LastDelay	0.00576	5760	1	2
10.1258	leaf-3	0	101	FullDelay	0.00576	5760	1	2
10.1329	leaf-4	0	101	LastDelay	0.00288	2880	1	2
10.1329	leaf-4	0	101	FullDelay	0.00288	2880	1	2
10.2029	leaf-1	0	101	LastDelay	0.00288	2880	1	2
10.2029	leaf-1	0	101	FullDelay	0.00288	2880	1	2
10.2158	leaf-2	0	102	LastDelay	0.00576	5760	1	2
10.2158	leaf-2	0	102	FullDelay	0.00576	5760	1	2
10.2258	leaf-3	0	102	LastDelay	0.00576	5760	1	2
10.2258	leaf-3	0	102	FullDelay	0.00576	5760	1	2
10.2329	leaf-4	0	102	LastDelay	0.00288	2880	1	2
10.2329	leaf-4	0	102	FullDelay	0.00288	2880	1	2
10.3029	leaf-1	0	102	LastDelay	0.00288	2880	1	2
10.3029	leaf-1	0	102	FullDelay	0.00288	2880	1	2
10.3158	leaf-2	0	103	LastDelay	0.00576	5760	1	2
10.3158	leaf-2	0	103	FullDelay	0.00576	5760	1	2
10.3258	leaf-3	0	103	LastDelay	0.00576	5760	1	2
10.3258	leaf-3	0	103	FullDelay	0.00576	5760	1	2
10.3329	leaf-4	0	103	LastDelay	0.00288	2880	1	2
10.3329	leaf-4	0	103	FullDelay	0.00288	2880	1	2
10.4029	leaf-1	0	103	LastDelay	0.00288	2880	1	2
10.4029	leaf-1	0	103	FullDelay	0.00288	2880	1	2
10.4158	leaf-2	0	104	LastDelay	0.00576	5760	1	2
10.4158	leaf-2	0	104	FullDelay	0.00576	5760	1	2
10.4258	leaf-3	0	104	LastDelay	0.00576	5760	1	2
10.4258	leaf-3	0	104	FullDelay	0.00576	5760	1	2
10.4329	leaf-4	0	104	LastDelay	0.00288	2880	1	2
10.4329	leaf-4	0	104	FullDelay	0.00288	2880	1	2
10.5029	leaf-1	0	104	LastDelay	0.00288	2880	1	2
10.5029	leaf-1	0	104	FullDelay	0.00288	2880	1	2
10.5158	leaf-2	0	105	LastDelay	0.00576	5760	1	2
10.5158	leaf-2	0	105	FullDelay	0.00576	5760	1	2
10.5258	leaf-3	0	105	LastDelay	0.00576	5760	1	2
10.5258	leaf-3	0	105	FullDelay	0.00576	5760	1	2
10.5329	leaf-4	0	105	LastDelay	0.00288	2880	1	2
10.5329	leaf-4	0	105	FullDelay	0.00288	2880	1	2
10.6029	leaf-1	0	105	LastDelay	0.00288	2880	1	2
10.6029	leaf-1	0	105	FullDelay	0.00288	2880	1	2
10.6158	leaf-2	0	106	LastDelay	0.00576	5760	1	2
10.6158	leaf-2	0	106	FullDelay	0.00576	5760	1	2
10.6258	leaf-3	0	106	LastDelay	0.00576	5760	1	2
10.6258	leaf-3	0	106	FullDelay	0.00576	5760	1	2
10.6329	leaf-4	0	106	LastDelay	0.00288	2880	1	2
10.6329	leaf-4	0	106	FullDelay	0.00288	2880	1	2
10.7029	leaf-1	0	106	LastDelay	0.00288	2880	1	2
10.7029	leaf-1	0	106	FullDelay	0.00288	2880	1	2
10.7158	leaf-2	0	107	LastDelay	0.00576	5760	1	2
10.7158	leaf-2	0	107	FullDelay	0.00576	5760	1	2
10.7258	leaf-3	0	107	LastDelay	0.00576	5760	1	2
10.7258	leaf-3	0	107	FullDelay	0.00576	5760	1	2
10.7329	leaf-4	0	107	LastDelay	0.00288	2880	1	2
10.7329	leaf-4	0	107	FullDelay	0.00288	2880	1	2
10.8029	leaf-1	0	107	LastDelay	0.00288	2880	1	2
10.8029	leaf-1	0	107	FullDelay	0.00288	2880	1	2
10.8158	leaf-2	0	108	LastDelay	0.00576	5760	1	2
10.8158	leaf-2	0	108	FullDelay	0.00576	5760	1	2
10.8258	leaf-3	0	108	LastDelay	0.00576	5760	1	2
10.8258	leaf-3	0	108	FullDelay	0.00576	5760	1	2
10.8329	leaf-4	0	108	LastDelay	0.00288	2880	1	2
10.8329	leaf-4	0	108	FullDelay	0.00288	2880	1	2
10.9029	leaf-1	0	108	LastDelay	0.00288	2880	1	2
10.9029	leaf-1	0	108	FullDelay	0.00288	2880	1	2
10.9158	leaf-2	0	109	LastDelay	0.00576	5760	1	2
10.9158	leaf-2	0	109	FullDelay	0.00576	5760	1	2
10.9258	leaf-3	0	109	LastDelay	0.00576	5760	1	2
10.9258	leaf-3	0	109	FullDelay	0.00576	5760	1	2
10.9329	leaf-4	0	109	LastDelay	0.00288	2880	1	2
10.9329	leaf-4	0	109	FullDelay	0.00288	2880	1	2
11.0029	leaf-1	0	109	LastDelay	0.00288	2880	1	2
11.0029	leaf-1	0	109	FullDelay	0.00288	2880	1	2
11.0158	leaf-2	0	110	LastDelay	0.00576	5760	1	2
11.0158	leaf-2	0	110	FullDelay	0.00576	5760	1	2
11.0258	leaf-3	0	110	LastDelay	0.00576	5760	1	2
11.0258	leaf-3	0	110	FullDelay	0.00576	5760	1	2
11.0329	leaf-4	0	110	LastDelay	0.00288	2880	1	2
11.0329	leaf-4	0	110	FullDelay	0.00288	2880	1	2
11.1029	leaf-1	0	110	LastDelay	0.00288	2880	1	2
11.1029	leaf-1	0	110	FullDelay	0.00288	2880	1	2
11.1158	leaf-2	0	111	LastDelay	0.00576	5760	1	2
11.1158	leaf-2	0	111	FullDelay	0.00576	5760	1	2
11.1258	leaf-3	0	111	LastDelay	0.00576	5760	1	2
11.1258	leaf-3	0	111	FullDelay	0.00576	5760	1	2
11.1329	leaf-4	0	111	LastDelay	0.00288	2880	1	2
11.1329	leaf-4	0	111	FullDelay	0.00288	2880	1	2
11.2029	leaf-1	0	111	LastDelay	0.00288	2880	1	2
11.2029	leaf-1	0	111	FullDelay	0.00288	2880	1	2
11.2158	leaf-2	0	112	LastDelay	0.00576	5760	1	2
11.2158	leaf-2	0	112	FullDelay	0.00576	5760	1	2
11.2258	leaf-3	0	112	LastDelay	0.00576	5760	1	2
11.2258	leaf-3	0	112	FullDelay	0.00576	5760	1	2
11.2329	leaf-4	0	112	LastDelay	0.00288	2880	1	2
11.2329	leaf-4	0	112	FullDelay	0.00288	2880	1	2
11.3029	leaf-1	0	112	LastDelay	0.00288	2880	1	2
11.3029	leaf-1	0	112	FullDelay	0.00288	2880	1	2
11.3158	leaf-2	0	113	LastDelay	0.00576	5760	1	2
11.3158	leaf-2	0	113	FullDelay	0.00576	5760	1	2
11.3258	leaf-3	0	113	LastDelay	0.00576	5760	1	2
11.3258	leaf-3	0	113	FullDelay	0.00576	5760	1	2
11.3329	leaf-4	0	113	LastDelay	0.00288	2880	1	2
11.3329	leaf-4	0	113	FullDelay	0.00288	2880	1	2
11.4029	leaf-1	0	113	LastDelay	0.00288	2880	1	2
11.4029	leaf-1	0	113	FullDelay	0.00288	2880	1	2
11.4158	leaf-2	0	114	LastDelay	0.00576	5760	1	2
11.4158	leaf-2	0	114	FullDelay	0.00576	5760	1	2
11.4258	leaf-3	0	114	LastDelay	0.00576	5760	1	2
11.4258	leaf-3	0	114	FullDelay	0.00576	5760	1	2
11.4329	leaf-4	0	114	LastDelay	0.00288	2880	1	2
11.4329	leaf-4	0	114	FullDelay	0.00288	2880	1	2
11.5029	leaf-1	0	114	LastDelay	0.00288	2880	1	2
11.5029	leaf-1	0	114	FullDelay	0.00288	2880	1	2
11.5158	leaf-2	0	115	LastDelay	0.00576	5760	1	2
11.5158	leaf-2	0	115	FullDelay	0.00576	5760	1	2
11.5258	leaf-3	0	115	LastDelay	0.00576	5760	1	2
11.5258	leaf-3	0	115	FullDelay	0.00576	5760	1	2
11.5329	leaf-4	0	115	LastDelay	0.00288	2880	1	2
11.5329	leaf-4	0	115	FullDelay	0.00288	2880	1	2
11.6029	leaf-1	0	115	LastDelay	0.00288	2880	1	2
11.6029	leaf-1	0	115	FullDelay	0.00288	2880	1	2
11.6158	leaf-2	0	116	LastDelay	0.00576	5760	1	2
11.6158	leaf-2	0	116	FullDelay	0.00576	5760	1	2
11.6258	leaf-3	0	116	LastDelay	0.00576	5760	1	2
11.6258	leaf-3	0	116	FullDelay	0.00576	5760	1	2
11.6329	leaf-4	0	116	LastDelay	0.00288	2880	1	2
11.6329	leaf-4	0	116	FullDelay	0.00288	2880	1	2
11.7029	leaf-1	0	116	LastDelay	0.00288	2880	1	2
11.7029	leaf-1	0	116	FullDelay	0.00288	2880	1	2
11.7158	leaf-2	0	117	LastDelay	0.00576	5760	1	2
11.7158	leaf-2	0	117	FullDelay	0.00576	5760	1	2
11.7258	leaf-3	0	117	LastDelay	0.00576	5760	1	2
11.7258	leaf-3	0	117	FullDelay	0.00576	5760	1	2
11.7329	leaf-4	0	117	LastDelay	0.00288	2880	1	2
11.7329	leaf-4	0	117	FullDelay	0.00288	2880	1	2
11.8029	leaf-1	0	117	LastDelay	0.00288	2880	1	2
11.8029	leaf-1	0	117	FullDelay	0.00288	2880	1	2
11.8158	leaf-2	0	118	LastDelay	0.00576	5760	1	2
11.8158	leaf-2	0	118	FullDelay	0.00576	5760	1	2
11.8258	leaf-3	0	118	LastDelay	0.00576	5760	1	2
11.8258	leaf-3	0	118	FullDelay	0.00576	5760	1	2
11.8329	leaf-4	0	118	LastDelay	0.00288	2880	1	2
11.8329	leaf-4	0	118	FullDelay	0.00288	2880	1	2
11.9029	leaf-1	0	118	LastDelay	0.00288	2880	1	2
11.9029	leaf-1	0	118	FullDelay	0.00288	2880	1	2
11.9158	leaf-2	0	119	LastDelay	0.00576	5760	1	2
11.9158	leaf-2	0	119	FullDelay	0.00576	5760	1	2
11.9258	leaf-3	0	119	LastDelay	0.00576	5760	1	2
11.9258	leaf-3	0	119	FullDelay	0.00576	5760	1	2
11.9329	leaf-4	0	119	LastDelay	0.00288	2880	1	2
11.9329	leaf-4	0	119	FullDelay	0.00288	2880	1	2
12.0029	leaf-1	0	119	LastDelay	0.00288	2880	1	2
12.0029	leaf-1	0	119	FullDelay	0.00288	2880	1	2
12.0158	leaf-2	0	120	LastDelay	0.00576	5760	1	2
12.0158	leaf-2	0	120	FullDelay	0.00576	5760	1	2
12.0258	leaf-3	0	120	LastDelay	0.00576	5760	1	2
12.0258	leaf-3	0	120	FullDelay	0.00576	5760	1	2
12.0329	leaf-4	0	120	LastDelay	0.00288	2880	1	2
12.0329	leaf-4	0	120	FullDelay	0.00288	2880	1	2
12.1029	leaf-1	0	120	LastDelay	0.00288	2880	1	2
12.1029	leaf-1	0	120	FullDelay	0.00288	2880	1	2
12.1158	leaf-2	0	121	LastDelay	0.00576	5760	1	2
12.1158	leaf-2	0	121	FullDelay	0.00576	5760	1	2
12.1258	leaf-3	0	121	LastDelay	0.00576	5760	1	2
12.1258	leaf-3	0	121	FullDelay	0.00576	5760	1	2
12.1329	leaf-4	0	121	LastDelay	0.00288	2880	1	2
12.1329	leaf-4	0	121	FullDelay	0.00288	2880	1	2
12.2029	leaf-1	0	121	LastDelay	0.00288	2880	1	2
12.2029	leaf-1	0	121	FullDelay	0.00288	2880	1	2
12.2158	leaf-2	0	122	LastDelay	0.00576	5760	1	2
12.2158	leaf-2	0	122	FullDelay	0.00576	5760	1	2
12.2258	leaf-3	0	122	LastDelay	0.00576	5760	1	2
12.2258	leaf-3	0	122	FullDelay	0.00576	5760	1	2
12.2329	leaf-4	0	122	LastDelay	0.00288	2880	1	2
12.2329	leaf-4	0	122	FullDelay	0.00288	2880	1	2
12.3029	leaf-1	0	122	LastDelay	0.00288	2880	1	2
12.3029	leaf-1	0	122	FullDelay	0.00288	2880	1	2
12.3158	leaf-2	0	123	LastDelay	0.00576	5760	1	2
12.3158	leaf-2	0	123	FullDelay	0.00576	5760	1	2
12.3258	leaf-3	0	123	LastDelay	0.00576	5760	1	2
12.3258	leaf-3	0	123	FullDelay	0.00576	5760	1	2
12.3329	leaf-4	0	123	LastDelay	0.00288	2880	1	2
12.3329	leaf-4	0	123	FullDelay	0.00288	2880	1	2
12.4029	leaf-1	0	123	LastDelay	0.00288	2880	1	2
12.4029	leaf-1	0	123	FullDelay	0.00288	2880	1	2
12.4158	leaf-2	0	124	LastDelay	0.00576	5760	1	2
12.4158	leaf-2	0	124	FullDelay	0.00576	5760	1	2
12.4258	leaf-3	0	124	LastDelay	0.00576	5760	1	2
12.4258	leaf-3	0	124	FullDelay	0.00576	5760	1	2
12.4329	leaf-4	0	124	LastDelay	0.00288	2880	1	2
12.4329	leaf-4	0	124	FullDelay	0.00288	2880	1	2
12.5029	leaf-1	0	124	LastDelay	0.00288	2880	1	2
12.5029	leaf-1	0	124	FullDelay	0.00288	2880	1	2
12.5158	leaf-2	0	125	LastDelay	0.00576	5760	1	2
12.5158	leaf-2	0	125	FullDelay	0.00576	5760	1	2
12.5258	leaf-3	0	125	LastDelay	0.00576	5760	1	2
12.5258	leaf-3	0	125	FullDelay	0.00576	5760	1	2
12.5329	leaf-4	0	125	LastDelay	0.00288	2880	1	2
12.5329	leaf-4	0	125	FullDelay	0.00288	2880	1	2
12.6029	leaf-1	0	125	LastDelay	0.00288	2880	1	2
12.6029	leaf-1	0	125	FullDelay	0.00288	2880	1	2
12.6158	leaf-2	0	126	LastDelay	0.00576	5760	1	2
12.6158	leaf-2	0	126	FullDelay	0.00576	5760	1	2
12.6258	leaf-3	0	126	LastDelay	0.00576	5760	1	2
12.6258	leaf-3	0	126	FullDelay	0.00576	5760	1	2
12.6329	leaf-4	0	126	LastDelay	0.00288	2880	1	2
12.6329	leaf-4	0	126	FullDelay	0.00288	2880	1	2
12.7029	leaf-1	0	126	LastDelay	0.00288	2880	1	2
12.7029	leaf-1	0	126	FullDelay	0.00288	2880	1	2
12.7158	leaf-2	0	127	LastDelay	0.00576	5760	1	2
12.7158	leaf-2	0	127	FullDelay	0.00576	5760	1	2
12.7258	leaf-3	0	127	LastDelay	0.00576	5760	1	2
12.7258	leaf-3	0	127	FullDelay	0.00576	5760	1	2
12.7329	leaf-4	0	127	LastDelay	0.00288	2880	1	2
12.7329	leaf-4	0	127	FullDelay	0.00288	2880	1	2
12.8029	leaf-1	0	127	LastDelay	0.00288	2880	1	2
12.8029	leaf-1	0	127	FullDelay	0.00288	2880	1	2
12.8158	leaf-2	0	128	LastDelay	0.00576	5760	1	2
12.8158	leaf-2	0	128	FullDelay	0.00576	5760	1	2
12.8258	leaf-3	0	128	LastDelay	0.00576	5760	1	2
12.8258	leaf-3	0	128	FullDelay	0.00576	5760	1	2
12.8329	leaf-4	0	128	LastDelay	0.00288	2880	1	2
12.8329	leaf-4	0	128	FullDelay	0.00288	2880	1	2
12.9029	leaf-1	0	128	LastDelay	0.00288	2880	1	2
12.9029	leaf-1	0	128	FullDelay	0.00288	2880	1	2
12.9158	leaf-2	0	129	LastDelay	0.00576	5760	1	2
12.9158	leaf-2	0	129	FullDelay	0.00576	5760	1	2
12.9258	leaf-3	0	129	LastDelay	0.00576	5760	1	2
12.9258	leaf-3	0	129	FullDelay	0.00576	5760	1	2
12.9329	leaf-4	0	129	LastDelay	0.00288	2880	1	2
12.9329	leaf-4	0	129	FullDelay	0.00288	2880	1	2
13.0029	leaf-1	0	129	LastDelay	0.00288	2880	1	2
13.0029	leaf-1	0	129	FullDelay	0.00288	2880	1	2
13.0158	leaf-2	0	130	LastDelay	0.00576	5760	1	2
13.0158	leaf-2	0	130	FullDelay	0.00576	5760	1	2
13.0258	leaf-3	0	130	LastDelay	0.00576	5760	1	2
13.0258	leaf-3	0	130	FullDelay	0.00576	5760	1	2
13.0329	leaf-4	0	130	LastDelay	0.00288	2880	1	2
13.0329	leaf-4	0	130	FullDelay	0.00288	2880	1	2
13.1029	leaf-1	0	130	LastDelay	0.00288	2880	1	2
13.1029	leaf-1	0	130	FullDelay	0.00288	2880	1	2
13.1158	leaf-2	0	131	LastDelay	0.00576	5760	1	2
13.1158	leaf-2	0	131	FullDelay	0.00576	5760	1	2
13.1258	leaf-3	0	131	LastDelay	0.00576	5760	1	2
13.1258	leaf-3	0	131	FullDelay	0.00576	5760	1	2
13.1329	leaf-4	0	131	LastDelay	0.00288	2880	1	2
13.1329	leaf-4	0	131	FullDelay	0.00288	2880	1	2
13.2029	leaf-1	0	131	LastDelay	0.00288	2880	1	2
13.2029	leaf-1	0	131	FullDelay	0.00288	2880	1	2
13.2158	leaf-2	0	132	LastDelay	0.00576	5760	1	2
13.2158	leaf-2	0	132	FullDelay	0.00576	5760	1	2
13.2258	leaf-3	0	132	LastDelay	0.00576	5760	1	2
13.2258	leaf-3	0	132	FullDelay	0.00576	5760	1	2
13.2329	leaf-4	0	132	LastDelay	0.00288	2880	1	2
13.2329	leaf-4	0	132	FullDelay	0.00288	2880	1	2
13.3029	leaf-1	0	132	LastDelay	0.00288	2880	1	2
13.3029	leaf-1	0	132	FullDelay	0.00288	2880	1	2
13.3158	leaf-2	0	133	LastDelay	0.00576	5760	1	2
13.3158	leaf-2	0	133	FullDelay	0.00576	5760	1	2
13.3258	leaf-3	0	133	LastDelay	0.00576	5760	1	2
13.3258	leaf-3	0	133	FullDelay	0.00576	5760	1	2
13.3329	leaf-4	0	133	LastDelay	0.00288	2880	1	2
13.3329	leaf-4	0	133	FullDelay	0.00288	2880	1	2
13.4029	leaf-1	0	133	LastDelay	0.00288	2880	1	2
13.4029	leaf-1	0	133	FullDelay	0.00288	2880	1	2
13.4158	leaf-2	0	134	LastDelay	0.00576	5760	1	2
13.4158	leaf-2	0	134	FullDelay	0.00576	5760	1	2
13.4258	leaf-3	0	134	LastDelay	0.00576	5760	1	2
13.4258	leaf-3	0	134	FullDelay	0.00576	5760	1	2
13.4329	leaf-4	0	134	LastDelay	0.00288	2880	1	2
13.4329	leaf-4	0	134	FullDelay	0.00288	2880	1	2
13.5029	leaf-1	0	134	LastDelay	0.00288	2880	1	2
13.5029	leaf-1	0	134	FullDelay	0.00288	2880	1	2
13.5158	leaf-2	0	135	LastDelay	0.00576	5760	1	2
13.5158	leaf-2	0	135	FullDelay	0.00576	5760	1	2
13.5258	leaf-3	0	135	LastDelay	0.00576	5760	1	2
13.5258	leaf-3	0	135	FullDelay	0.00576	5760	1	2
13.5329	leaf-4	0	135	LastDelay	0.00288	2880	1	2
13.5329	leaf-4	0	135	FullDelay	0.00288	2880	1	2
13.6029	leaf-1	0	135	LastDelay	0.00288	2880	1	2
13.6029	leaf-1	0	135	FullDelay	0.00288	2880	1	2
13.6158	leaf-2	0	136	LastDelay	0.00576	5760	1	2
13.6158	leaf-2	0	136	FullDelay	0.00576	5760	1	2
13.6258	leaf-3	0	136	LastDelay	0.00576	5760	1	2
13.6258	leaf-3	0	136	FullDelay	0.00576	5760	1	2
13.6329	leaf-4	0	136	LastDelay	0.00288	2880	1	2
13.6329	leaf-4	0	136	FullDelay	0.00288	2880	1	2
13.7029	leaf-1	0	136	LastDelay	0.00288	2880	1	2
13.7029	leaf-1	0	136	FullDelay	0.00288	2880	1	2
13.7158	leaf-2	0	137	LastDelay	0.00576	5760	1	2
13.7158	leaf-2	0	137	FullDelay	0.00576	5760	1	2
13.7258	leaf-3	0	137	LastDelay	0.00576	5760	1	2
13.7258	leaf-3	0	137	FullDelay	0.00576	5760	1	2
13.7329	leaf-4	0	137	LastDelay	0.00288	2880	1	2
13.7329	leaf-4	0	137	FullDelay	0.00288	2880	1	2
13.8029	leaf-1	0	137	LastDelay	0.00288	2880	1	2
13.8029	leaf-1	0	137	FullDelay	0.00288	2880	1	2
13.8158	leaf-2	0	138	LastDelay	0.00576	5760	1	2
13.8158	leaf-2	0	138	FullDelay	0.00576	5760	1	2
13.8258	leaf-3	0	138	LastDelay	0.00576	5760	1	2
13.8258	leaf-3	0	138	FullDelay	0.00576	5760	1	2
13.8329	leaf-4	0	138	LastDelay	0.00288	2880	1	2
13.8329	leaf-4	0	138	FullDelay	0.00288	2880	1	2
13.9029	leaf-1	0	138	LastDelay	0.00288	2880	1	2
13.9029	leaf-1	0	138	FullDelay	0.00288	2880	1	2
13.9158	leaf-2	0	139	LastDelay	0.00576	5760	1	2
13.9158	leaf-2	0	139	FullDelay	0.00576	5760	1	2
13.9258	leaf-3	0	139	LastDelay	0.00576	5760	1	2
13.9258	leaf-3	0	139	FullDelay	0.00576	5760	1	2
13.9329	leaf-4	0	139	LastDelay	0.00288	2880	1	2
13.9329	leaf-4	0	139	FullDelay	0.00288	2880	1	2
14.0029	leaf-1	0	139	LastDelay	0.00288	2880	1	2
14.0029	leaf-1	0	139	FullDelay	0.00288	2880	1	2
14.0158	leaf-2	0	140	LastDelay	0.00576	5760	1	2
14.0158	leaf-2	0	140	FullDelay	0.00576	5760	1	2
14.0258	leaf-3	0	140	LastDelay	0.00576	5760	1	2
14.0258	leaf-3	0	140	FullDelay	0.00576	5760	1	2
14.0329	leaf-4	0	140	LastDelay	0.00288	2880	1	2
14.0329	leaf-4	0	140	FullDelay	0.00288	2880	1	2
14.1029	leaf-1	0	140	LastDelay	0.00288	2880	1	2
14.1029	leaf-1	0	140	FullDelay	0.00288	2880	1	2
14.1158	leaf-2	0	141	LastDelay	0.00576	5760	1	2
14.1158	leaf-2	0	141	FullDelay	0.00576	5760	1	2
14.1258	leaf-3	0	141	LastDelay	0.00576	5760	1	2
14.1258	leaf-3	0	141	FullDelay	0.00576	5760	1	2
14.1329	leaf-4	0	141	LastDelay	0.00288	2880	1	2
14.1329	leaf-4	0	141	FullDelay	0.00288	2880	1	2
14.2029	leaf-1	0	141	LastDelay	0.00288	2880	1	2
14.2029	leaf-1	0	141	FullDelay	0.00288	2880	1	2
14.2158	leaf-2	0	142	LastDelay	0.00576	5760	1	2
14.2158	leaf-2	0	142	FullDelay	0.00576	5760	1	2
14.2258	leaf-3	0	142	LastDelay	0.00576	5760	1	2
14.2258	leaf-3	0	142	FullDelay	0.00576	5760	1	2
14.2329	leaf-4	0	142	LastDelay	0.00288	2880	1	2
14.2329	leaf-4	0	142	FullDelay	0.00288	2880	1	2
14.3029	leaf-1	0	142	LastDelay	0.00288	2880	1	2
14.3029	leaf-1	0	142	FullDelay	0.00288	2880	1	2
14.3158	leaf-2	0	143	LastDelay	0.00576	5760	1	2
14.3158	leaf-2	0	143	FullDelay	0.00576	5760	1	2
14.3258	leaf-3	0	143	LastDelay	0.00576	5760	1	2
14.3258	leaf-3	0	143	FullDelay	0.00576	5760	1	2
14.3329	leaf-4	0	143	LastDelay	0.00288	2880	1	2
14.3329	leaf-4	0	143	FullDelay	0.00288	2880	1	2
14.4029	leaf-1	0	143	LastDelay	0.00288	2880	1	2
14.4029	leaf-1	0	143	FullDelay	0.00288	2880	1	2
14.4158	leaf-2	0	144	LastDelay	0.00576	5760	1	2
14.4158	leaf-2	0	144	FullDelay	0.00576	5760	1	2
14.4258	leaf-3	0	144	LastDelay	0.00576	5760	1	2
14.4258	leaf-3	0	144	FullDelay	0.00576	5760	1	2
14.4329	leaf-4	0	144	LastDelay	0.00288	2880	1	2
14.4329	leaf-4	0	144	FullDelay	0.00288	2880	1	2
14.5029	leaf-1	0	144	LastDelay	0.00288	2880	1	2
14.5029	leaf-1	0	144	FullDelay	0.00288	2880	1	2
14.5158	leaf-2	0	145	LastDelay	0.00576	5760	1	2
14.5158	leaf-2	0	145	FullDelay	0.00576	5760	1	2
14.5258	leaf-3	0	145	LastDelay	0.00576	5760	1	2
14.5258	leaf-3	0	145	FullDelay	0.00576	5760	1	2
14.5329	leaf-4	0	145	LastDelay	0.00288	2880	1	2
14.5329	leaf-4	0	145	FullDelay	0.00288	2880	1	2
14.6029	leaf-1	0	145	LastDelay	0.00288	2880	1	2
14.6029	leaf-1	0	145	FullDelay	0.00288	2880	1	2
14.6158	leaf-2	0	146	LastDelay	0.00576	5760	1	2
14.6158	leaf-2	0	146	FullDelay	0.00576	5760	1	2
14.6258	leaf-3	0	146	LastDelay	0.00576	5760	1	2
14.6258	leaf-3	0	146	FullDelay	0.00576	5760	1	2
14.6329	leaf-4	0	146	LastDelay	0.00288	2880	1	2
14.6329	leaf-4	0	146	FullDelay	0.00288	2880	1	2
14.7029	leaf-1	0	146	LastDelay	0.00288	2880	1	2
14.7029	leaf-1	0	146	FullDelay	0.00288	2880	1	2
14.7158	leaf-2	0	147	LastDelay	0.00576	5760	1	2
14.7158	leaf-2	0	147	FullDelay	0.00576	5760	1	2
14.7258	leaf-3	0	147	LastDelay	0.00576	5760	1	2
14.7258	leaf-3	0	147	FullDelay	0.00576	5760	1	2
14.7329	leaf-4	0	147	LastDelay	0.00288	2880	1	2
14.7329	leaf-4	0	147	FullDelay	0.00288	2880	1	2
14.8029	leaf-1	0	147	LastDelay	0.00288	2880	1	2
14.8029	leaf-1	0	147	FullDelay	0.00288	2880	1	2
14.8158	leaf-2	0	148	LastDelay	0.00576	5760	1	2
14.8158	leaf-2	0	148	FullDelay	0.00576	5760	1	2
14.8258	leaf-3	0	148	LastDelay	0.00576	5760	1	2
14.8258	leaf-3	0	148	FullDelay	0.00576	5760	1	2
14.8329	leaf-4	0	148	LastDelay	0.00288	2880	1	2
14.8329	leaf-4	0	148	FullDelay	0.00288	2880	1	2
14.9029	leaf-1	0	148	LastDelay	0.00288	2880	1	2
14.9029	leaf-1	0	148	FullDelay	0.00288	2880	1	2
14.9158	leaf-2	0	149	LastDelay	0.00576	5760	1	2
14.9158	leaf-2	0	149	FullDelay	0.00576	5760	1	2
14.9258	leaf-3	0	149	LastDelay	0.00576	5760	1	2
14.9258	leaf-3	0	149	FullDelay	0.00576	5760	1	2
14.9329	leaf-4	0	149	LastDelay	0.00288	2880	1	2
14.9329	leaf-4	0	149	FullDelay	0.00288	2880	1	2
15.0029	leaf-1	0	149	LastDelay	0.00288	2880	1	2
15.0029	leaf-1	0	149	FullDelay	0.00288	2880	1	2
15.0158	leaf-2	0	150	LastDelay	0.00576	5760	1	2
15.0158	leaf-2	0	150	FullDelay	0.00576	5760	1	2
15.0258	leaf-3	0	150	LastDelay	0.00576	5760	1	2
15.0258	leaf-3	0	150	FullDelay	0.00576	5760	1	2
15.0329	leaf-4	0	150	LastDelay	0.00288	2880	1	2
15.0329	leaf-4	0	150	FullDelay	0.00288	2880	1	2
15.1029	leaf-1	0	150	LastDelay	0.00288	2880	1	2
15.1029	leaf-1	0	150	FullDelay	0.00288	2880	1	2
15.1158	leaf-2	0	151	LastDelay	0.00576	5760	1	2
15.1158	leaf-2	0	151	FullDelay	0.00576	5760	1	2
15.1258	leaf-3	0	151	LastDelay	0.00576	5760	1	2
15.1258	leaf-3	0	151	FullDelay	0.00576	5760	1	2
15.1329	leaf-4	0	151	LastDelay	0.00288	2880	1	2
15.1329	leaf-4	0	151	FullDelay	0.00288	2880	1	2
15.2029	leaf-1	0	151	LastDelay	0.00288	2880	1	2
15.2029	leaf-1	0	151	FullDelay	0.00288	2880	1	2
15.2158	leaf-2	0	152	LastDelay	0.00576	5760	1	2
15.2158	leaf-2	0	152	FullDelay	0.00576	5760	1	2
15.2258	leaf-3	0	152	LastDelay	0.00576	5760	1	2
15.2258	leaf-3	0	152	FullDelay	0.00576	5760	1	2
15.2329	leaf-4	0	152	LastDelay	0.00288	2880	1	2
15.2329	leaf-4	0	152	FullDelay	0.00288	2880	1	2
15.3029	leaf-1	0	152	LastDelay	0.00288	2880	1	2
15.3029	leaf-1	0	152	FullDelay	0.00288	2880	1	2
15.3158	leaf-2	0	153	LastDelay	0.00576	5760	1	2
15.3158	leaf-2	0	153	FullDelay	0.00576	5760	1	2
15.3258	leaf-3	0	153	LastDelay	0.00576	5760	1	2
15.3258	leaf-3	0	153	FullDelay	0.00576	5760	1	2
15.3329	leaf-4	0	153	LastDelay	0.00288	2880	1	2
15.3329	leaf-4	0	153	FullDelay	0.00288	2880	1	2
15.4029	leaf-1	0	153	LastDelay	0.00288	2880	1	2
15.4029	leaf-1	0	153	FullDelay	0.00288	2880	1	2
15.4158	leaf-2	0	154	LastDelay	0.00576	5760	1	2
15.4158	leaf-2	0	154	FullDelay	0.00576	5760	1	2
15.4258	leaf-3	0	154	LastDelay	0.00576	5760	1	2
15.4258	leaf-3	0	154	FullDelay	0.00576	5760	1	2
15.4329	leaf-4	0	154	LastDelay	0.00288	2880	1	2
15.4329	leaf-4	0	154	FullDelay	0.00288	2880	1	2
15.5029	leaf-1	0	154	LastDelay	0.00288	2880	1	2
15.5029	leaf-1	0	154	FullDelay	0.00288	2880	1	2
15.5158	leaf-2	0	155	LastDelay	0.00576	5760	1	2
15.5158	leaf-2	0	155	FullDelay	0.00576	5760	1	2
15.5258	leaf-3	0	155	LastDelay	0.00576	5760	1	2
15.5258	leaf-3	0	155	FullDelay	0.00576	5760	1	2
15.5329	leaf-4	0	155	LastDelay	0.00288	2880	1	2
15.5329	leaf-4	0	155	FullDelay	0.00288	2880	1	2
15.6029	leaf-1	0	155	LastDelay	0.00288	2880	1	2
15.6029	leaf-1	0	155	FullDelay	0.00288	2880	1	2
15.6158	leaf-2	0	156	LastDelay	0.00576	5760	1	2
15.6158	leaf-2	0	156	FullDelay	0.00576	5760	1	2
15.6258	leaf-3	0	156	LastDelay	0.00576	5760	1	2
15.6258	leaf-3	0	156	FullDelay	0.00576	5760	1	2
15.6329	leaf-4	0	156	LastDelay	0.00288	2880	1	2
15.6329	leaf-4	0	156	FullDelay	0.00288	2880	1	2
15.7029	leaf-1	0	156	LastDelay	0.00288	2880	1	2
15.7029	leaf-1	0	156	FullDelay	0.00288	2880	1	2
15.7158	leaf-2	0	157	LastDelay	0.00576	5760	1	2
15.7158	leaf-2	0	157	FullDelay	0.00576	5760	1	2
15.7258	leaf-3	0	157	LastDelay	0.00576	5760	1	2
15.7258	leaf-3	0	157	FullDelay	0.00576	5760	1	2
15.7329	leaf-4	0	157	LastDelay	0.00288	2880	1	2
15.7329	leaf-4	0	157	FullDelay	0.00288	2880	1	2
15.8029	leaf-1	0	157	LastDelay	0.00288	2880	1	2
15.8029	leaf-1	0	157	FullDelay	0.00288	2880	1	2
15.8158	leaf-2	0	158	LastDelay	0.00576	5760	1	2
15.8158	leaf-2	0	158	FullDelay	0.00576	5760	1	2
15.8258	leaf-3	0	158	LastDelay	0.00576	5760	1	2
15.8258	leaf-3	0	158	FullDelay	0.00576	5760	1	2
15.8329	leaf-4	0	158	LastDelay	0.00288	2880	1	2
15.8329	leaf-4	0	158	FullDelay	0.00288	2880	1	2
15.9029	leaf-1	0	158	LastDelay	0.00288	2880	1	2
15.9029	leaf-1	0	158	FullDelay	0.00288	2880	1	2
15.9158	leaf-2	0	159	LastDelay	0.00576	5760	1	2
15.9158	leaf-2	0	159	FullDelay	0.00576	5760	1	2
15.9258	leaf-3	0	159	LastDelay	0.00576	5760	1	2
15.9258	leaf-3	0	159	FullDelay	0.00576	5760	1	2
15.9329	leaf-4	0	159	LastDelay	0.00288	2880	1	2
15.9329	leaf-4	0	159	FullDelay	0.00288	2880	1	2
16.0029	leaf-1	0	159	LastDelay	0.00288	2880	1	2
16.0029	leaf-1	0	159	FullDelay	0.00288	2880	1	2
16.0158	leaf-2	0	160	LastDelay	0.00576	5760	1	2
16.0158	leaf-2	0	160	FullDelay	0.00576	5760	1	2
16.0258	leaf-3	0	160	LastDelay	0.00576	5760	1	2
16.0258	leaf-3	0	160	FullDelay	0.00576	5760	1	2
16.0329	leaf-4	0	160	LastDelay	0.00288	2880	1	2
16.0329	leaf-4	0	160	FullDelay	0.00288	2880	1	2
16.1029	leaf-1	0	160	LastDelay	0.00288	2880	1	2
16.1029	leaf-1	0	160	FullDelay	0.00288	2880	1	2
16.1158	leaf-2	0	161	LastDelay	0.00576	5760	1	2
16.1158	leaf-2	0	161	FullDelay	0.00576	5760	1	2
16.1258	leaf-3	0	161	LastDelay	0.00576	5760	1	2
16.1258	leaf-3	0	161	FullDelay	0.00576	5760	1	2
16.1329	leaf-4	0	161	LastDelay	0.00288	2880	1	2
16.1329	leaf-4	0	161	FullDelay	0.00288	2880	1	2
16.2029	leaf-1	0	161	LastDelay	0.00288	2880	1	2
16.2029	leaf-1	0	161	FullDelay	0.00288	2880	1	2
16.2158	leaf-2	0	162	LastDelay	0.00576	5760	1	2
16.2158	leaf-2	0	162	FullDelay	0.00576	5760	1	2
16.2258	leaf-3	0	162	LastDelay	0.00576	5760	1	2
16.2258	leaf-3	0	162	FullDelay	0.00576	5760	1	2
16.2329	leaf-4	0	162	LastDelay	0.00288	2880	1	2
16.2329	leaf-4	0	162	FullDelay	0.00288	2880	1	2
16.3029	leaf-1	0	162	LastDelay	0.00288	2880	1	2
16.3029	leaf-1	0	162	FullDelay	0.00288	2880	1	2
16.3158	leaf-2	0	163	LastDelay	0.00576	5760	1	2
16.3158	leaf-2	0	163	FullDelay	0.00576	5760	1	2
16.3258	leaf-3	0	163	LastDelay	0.00576	5760	1	2
16.3258	leaf-3	0	163	FullDelay	0.00576	5760	1	2
16.3329	leaf-4	0	163	LastDelay	0.00288	2880	1	2
16.3329	leaf-4	0	163	FullDelay	0.00288	2880	1	2
16.4029	leaf-1	0	163	LastDelay	0.00288	2880	1	2
16.4029	leaf-1	0	163	FullDelay	0.00288	2880	1	2
16.4158	leaf-2	0	164	LastDelay	0.00576	5760	1	2
16.4158	leaf-2	0	164	FullDelay	0.00576	5760	1	2
16.4258	leaf-3	0	164	LastDelay	0.00576	5760	1	2
16.4258	leaf-3	0	164	FullDelay	0.00576	5760	1	2
16.4329	leaf-4	0	164	LastDelay	0.00288	2880	1	2
16.4329	leaf-4	0	164	FullDelay	0.00288	2880	1	2
16.5029	leaf-1	0	164	LastDelay	0.00288	2880	1	2
16.5029	leaf-1	0	164	FullDelay	0.00288	2880	1	2
16.5158	leaf-2	0	165	LastDelay	0.00576	5760	1	2
16.5158	leaf-2	0	165	FullDelay	0.00576	5760	1	2
16.5258	leaf-3	0	165	LastDelay	0.00576	5760	1	2
16.5258	leaf-3	0	165	FullDelay	0.00576	5760	1	2
16.5329	leaf-4	0	165	LastDelay	0.00288	2880	1	2
16.5329	leaf-4	0	165	FullDelay	0.00288	2880	1	2
16.6029	leaf-1	0	165	LastDelay	0.00288	2880	1	2
16.6029	leaf-1	0	165	FullDelay	0.00288	2880	1	2
16.6158	leaf-2	0	166	LastDelay	0.00576	5760	1	2
16.6158	leaf-2	0	166	FullDelay	0.00576	5760	1	2
16.6258	leaf-3	0	166	LastDelay	0.00576	5760	1	2
16.6258	leaf-3	0	166	FullDelay	0.00576	5760	1	2
16.6329	leaf-4	0	166	LastDelay	0.00288	2880	1	2
16.6329	leaf-4	0	166	FullDelay	0.00288	2880	1	2
16.7029	leaf-1	0	166	LastDelay	0.00288	2880	1	2
16.7029	leaf-1	0	166	FullDelay	0.00288	2880	1	2
16.7158	leaf-2	0	167	LastDelay	0.00576	5760	1	2
16.7158	leaf-2	0	167	FullDelay	0.00576	5760	1	2
16.7258	leaf-3	0	167	LastDelay	0.00576	5760	1	2
16.7258	leaf-3	0	167	FullDelay	0.00576	5760	1	2
16.7329	leaf-4	0	167	LastDelay	0.00288	2880	1	2
16.7329	leaf-4	0	167	FullDelay	0.00288	2880	1	2
16.8029	leaf-1	0	167	LastDelay	0.00288	2880	1	2
16.8029	leaf-1	0	167	FullDelay	0.00288	2880	1	2
16.8158	leaf-2	0	168	LastDelay	0.00576	5760	1	2
16.8158	leaf-2	0	168	FullDelay	0.00576	5760	1	2
16.8258	leaf-3	0	168	LastDelay	0.00576	5760	1	2
16.8258	leaf-3	0	168	FullDelay	0.00576	5760	1	2
16.8329	leaf-4	0	168	LastDelay	0.00288	2880	1	2
16.8329	leaf-4	0	168	FullDelay	0.00288	2880	1	2
16.9029	leaf-1	0	168	LastDelay	0.00288	2880	1	2
16.9029	leaf-1	0	168	FullDelay	0.00288	2880	1	2
16.9158	leaf-2	0	169	LastDelay	0.00576	5760	1	2
16.9158	leaf-2	0	169	FullDelay	0.00576	5760	1	2
16.9258	leaf-3	0	169	LastDelay	0.00576	5760	1	2
16.9258	leaf-3	0	169	FullDelay	0.00576	5760	1	2
16.9329	leaf-4	0	169	LastDelay	0.00288	2880	1	2
16.9329	leaf-4	0	169	FullDelay	0.00288	2880	1	2
17.0029	leaf-1	0	169	LastDelay	0.00288	2880	1	2
17.0029	leaf-1	0	169	FullDelay	0.00288	2880	1	2
17.0158	leaf-2	0	170	LastDelay	0.00576	5760	1	2
17.0158	leaf-2	0	170	FullDelay	0.00576	5760	1	2
17.0258	leaf-3	0	170	LastDelay	0.00576	5760	1	2
17.0258	leaf-3	0	170	FullDelay	0.00576	5760	1	2
17.0329	leaf-4	0	170	LastDelay	0.00288	2880	1	2
17.0329	leaf-4	0	170	FullDelay	0.00288	2880	1	2
17.1029	leaf-1	0	170	LastDelay	0.00288	2880	1	2
17.1029	leaf-1	0	170	FullDelay	0.00288	2880	1	2
17.1158	leaf-2	0	171	LastDelay	0.00576	5760	1	2
17.1158	leaf-2	0	171	FullDelay	0.00576	5760	1	2
17.1258	leaf-3	0	171	LastDelay	0.00576	5760	1	2
17.1258	leaf-3	0	171	FullDelay	0.00576	5760	1	2
17.1329	leaf-4	0	171	LastDelay	0.00288	2880	1	2
17.1329	leaf-4	0	171	FullDelay	0.00288	2880	1	2
17.2029	leaf-1	0	171	LastDelay	0.00288	2880	1	2
17.2029	leaf-1	0	171	FullDelay	0.00288	2880	1	2
17.2158	leaf-2	0	172	LastDelay	0.00576	5760	1	2
17.2158	leaf-2	0	172	FullDelay	0.00576	5760	1	2
17.2258	leaf-3	0	172	LastDelay	0.00576	5760	1	2
17.2258	leaf-3	0	172	FullDelay	0.00576	5760	1	2
17.2329	leaf-4	0	172	LastDelay	0.00288	2880	1	2
17.2329	leaf-4	0	172	FullDelay	0.00288	2880	1	2
17.3029	leaf-1	0	172	LastDelay	0.00288	2880	1	2
17.3029	leaf-1	0	172	FullDelay	0.00288	2880	1	2
17.3158	leaf-2	0	173	LastDelay	0.00576	5760	1	2
17.3158	leaf-2	0	173	FullDelay	0.00576	5760	1	2
17.3258	leaf-3	0	173	LastDelay	0.00576	5760	1	2
17.3258	leaf-3	0	173	FullDelay	0.00576	5760	1	2
17.3329	leaf-4	0	173	LastDelay	0.00288	2880	1	2
17.3329	leaf-4	0	173	FullDelay	0.00288	2880	1	2
17.4029	leaf-1	0	173	LastDelay	0.00288	2880	1	2
17.4029	leaf-1	0	173	FullDelay	0.00288	2880	1	2
17.4158	leaf-2	0	174	LastDelay	0.00576	5760	1	2
17.4158	leaf-2	0	174	FullDelay	0.00576	5760	1	2
17.4258	leaf-3	0	174	LastDelay	0.00576	5760	1	2
17.4258	leaf-3	0	174	FullDelay	0.00576	5760	1	2
17.4329	leaf-4	0	174	LastDelay	0.00288	2880	1	2
17.4329	leaf-4	0	174	FullDelay	0.00288	2880	1	2
17.5029	leaf-1	0	174	LastDelay	0.00288	2880	1	2
17.5029	leaf-1	0	174	FullDelay	0.00288	2880	1	2
17.5158	leaf-2	0	175	LastDelay	0.00576	5760	1	2
17.5158	leaf-2	0	175	FullDelay	0.00576	5760	1	2
17.5258	leaf-3	0	175	LastDelay	0.00576	5760	1	2
17.5258	leaf-3	0	175	FullDelay	0.00576	5760	1	2
17.5329	leaf-4	0	175	LastDelay	0.00288	2880	1	2
17.5329	leaf-4	0	175	FullDelay	0.00288	2880	1	2
17.6029	leaf-1	0	175	LastDelay	0.00288	2880	1	2
17.6029	leaf-1	0	175	FullDelay	0.00288	2880	1	2
17.6158	leaf-2	0	176	LastDelay	0.00576	5760	1	2
17.6158	leaf-2	0	176	FullDelay	0.00576	5760	1	2
17.6258	leaf-3	0	176	LastDelay	0.00576	5760	1	2
17.6258	leaf-3	0	176	FullDelay	0.00576	5760	1	2
17.6329	leaf-4	0	176	LastDelay	0.00288	2880	1	2
17.6329	leaf-4	0	176	FullDelay	0.00288	2880	1	2
17.7029	leaf-1	0	176	LastDelay	0.00288	2880	1	2
17.7029	leaf-1	0	176	FullDelay	0.00288	2880	1	2
17.7158	leaf-2	0	177	LastDelay	0.00576	5760	1	2
17.7158	leaf-2	0	177	FullDelay	0.00576	5760	1	2
17.7258	leaf-3	0	177	LastDelay	0.00576	5760	1	2
17.7258	leaf-3	0	177	FullDelay	0.00576	5760	1	2
17.7329	leaf-4	0	177	LastDelay	0.00288	2880	1	2
17.7329	leaf-4	0	177	FullDelay	0.00288	2880	1	2
17.8029	leaf-1	0	177	LastDelay	0.00288	2880	1	2
17.8029	leaf-1	0	177	FullDelay	0.00288	2880	1	2
17.8158	leaf-2	0	178	LastDelay	0.00576	5760	1	2
17.8158	leaf-2	0	178	FullDelay	0.00576	5760	1	2
17.8258	leaf-3	0	178	LastDelay	0.00576	5760	1	2
17.8258	leaf-3	0	178	FullDelay	0.00576	5760	1	2
17.8329	leaf-4	0	178	LastDelay	0.00288	2880	1	2
17.8329	leaf-4	0	178	FullDelay	0.00288	2880	1	2
17.9029	leaf-1	0	178	LastDelay	0.00288	2880	1	2
17.9029	leaf-1	0	178	FullDelay	0.00288	2880	1	2
17.9158	leaf-2	0	179	LastDelay	0.00576	5760	1	2
17.9158	leaf-2	0	179	FullDelay	0.00576	5760	1	2
17.9258	leaf-3	0	179	LastDelay	0.00576	5760	1	2
17.9258	leaf-3	0	179	FullDelay	0.00576	5760	1	2
17.9329	leaf-4	0	179	LastDelay	0.00288	2880	1	2
17.9329	leaf-4	0	179	FullDelay	0.00288	2880	1	2
18.0029	leaf-1	0	179	LastDelay	0.00288	2880	1	2
18.0029	leaf-1	0	179	FullDelay	0.00288	2880	1	2
18.0158	leaf-2	0	180	LastDelay	0.00576	5760	1	2
18.0158	leaf-2	0	180	FullDelay	0.00576	5760	1	2
18.0258	leaf-3	0	180	LastDelay	0.00576	5760	1	2
18.0258	leaf-3	0	180	FullDelay	0.00576	5760	1	2
18.0329	leaf-4	0	180	LastDelay	0.00288	2880	1	2
18.0329	leaf-4	0	180	FullDelay	0.00288	2880	1	2
18.1029	leaf-1	0	180	LastDelay	0.00288	2880	1	2
18.1029	leaf-1	0	180	FullDelay	0.00288	2880	1	2
18.1158	leaf-2	0	181	LastDelay	0.00576	5760	1	2
18.1158	leaf-2	0	181	FullDelay	0.00576	5760	1	2
18.1258	leaf-3	0	181	LastDelay	0.00576	5760	1	2
18.1258	leaf-3	0	181	FullDelay	0.00576	5760	1	2
18.1329	leaf-4	0	181	LastDelay	0.00288	2880	1	2
18.1329	leaf-4	0	181	FullDelay	0.00288	2880	1	2
18.2029	leaf-1	0	181	LastDelay	0.00288	2880	1	2
18.2029	leaf-1	0	181	FullDelay	0.00288	2880	1	2
18.2158	leaf-2	0	182	LastDelay	0.00576	5760	1	2
18.2158	leaf-2	0	182	FullDelay	0.00576	5760	1	2
18.2258	leaf-3	0	182	LastDelay	0.00576	5760	1	2
18.2258	leaf-3	0	182	FullDelay	0.00576	5760	1	2
18.2329	leaf-4	0	182	LastDelay	0.00288	2880	1	2
18.2329	leaf-4	0	182	FullDelay	0.00288	2880	1	2
18.3029	leaf-1	0	182	LastDelay	0.00288	2880	1	2
18.3029	leaf-1	0	182	FullDelay	0.00288	2880	1	2
18.3158	leaf-2	0	183	LastDelay	0.00576	5760	1	2
18.3158	leaf-2	0	183	FullDelay	0.00576	5760	1	2
18.3258	leaf-3	0	183	LastDelay	0.00576	5760	1	2
18.3258	leaf-3	0	183	FullDelay	0.00576	5760	1	2
18.3329	leaf-4	0	183	LastDelay	0.00288	2880	1	2
18.3329	leaf-4	0	183	FullDelay	0.00288	2880	1	2
18.4029	leaf-1	0	183	LastDelay	0.00288	2880	1	2
18.4029	leaf-1	0	183	FullDelay	0.00288	2880	1	2
18.4158	leaf-2	0	184	LastDelay	0.00576	5760	1	2
18.4158	leaf-2	0	184	FullDelay	0.00576	5760	1	2
18.4258	leaf-3	0	184	LastDelay	0.00576	5760	1	2
18.4258	leaf-3	0	184	FullDelay	0.00576	5760	1	2
18.4329	leaf-4	0	184	LastDelay	0.00288	2880	1	2
18.4329	leaf-4	0	184	FullDelay	0.00288	2880	1	2
18.5029	leaf-1	0	184	LastDelay	0.00288	2880	1	2
18.5029	leaf-1	0	184	FullDelay	0.00288	2880	1	2
18.5158	leaf-2	0	185	LastDelay	0.00576	5760	1	2
18.5158	leaf-2	0	185	FullDelay	0.00576	5760	1	2
18.5258	leaf-3	0	185	LastDelay	0.00576	5760	1	2
18.5258	leaf-3	0	185	FullDelay	0.00576	5760	1	2
18.5329	leaf-4	0	185	LastDelay	0.00288	2880	1	2
18.5329	leaf-4	0	185	FullDelay	0.00288	2880	1	2
18.6029	leaf-1	0	185	LastDelay	0.00288	2880	1	2
18.6029	leaf-1	0	185	FullDelay	0.00288	2880	1	2
18.6158	leaf-2	0	186	LastDelay	0.00576	5760	1	2
18.6158	leaf-2	0	186	FullDelay	0.00576	5760	1	2
18.6258	leaf-3	0	186	LastDelay	0.00576	5760	1	2
18.6258	leaf-3	0	186	FullDelay	0.00576	5760	1	2
18.6329	leaf-4	0	186	LastDelay	0.00288	2880	1	2
18.6329	leaf-4	0	186	FullDelay	0.00288	2880	1	2
18.7029	leaf-1	0	186	LastDelay	0.00288	2880	1	2
18.7029	leaf-1	0	186	FullDelay	0.00288	2880	1	2
18.7158	leaf-2	0	187	LastDelay	0.00576	5760	1	2
18.7158	leaf-2	0	187	FullDelay	0.00576	5760	1	2
18.7258	leaf-3	0	187	LastDelay	0.00576	5760	1	2
18.7258	leaf-3	0	187	FullDelay	0.00576	5760	1	2
18.7329	leaf-4	0	187	LastDelay	0.00288	2880	1	2
18.7329	leaf-4	0	187	FullDelay	0.00288	2880	1	2
18.8029	leaf-1	0	187	LastDelay	0.00288	2880	1	2
18.8029	leaf-1	0	187	FullDelay	0.00288	2880	1	2
18.8158	leaf-2	0	188	LastDelay	0.00576	5760	1	2
18.8158	leaf-2	0	188	FullDelay	0.00576	5760	1	2
18.8258	leaf-3	0	188	LastDelay	0.00576	5760	1	2
18.8258	leaf-3	0	188	FullDelay	0.00576	5760	1	2
18.8329	leaf-4	0	188	LastDelay	0.00288	2880	1	2
18.8329	leaf-4	0	188	FullDelay	0.00288	2880	1	2
18.9029	leaf-1	0	188	LastDelay	0.00288	2880	1	2
18.9029	leaf-1	0	188	FullDelay	0.00288	2880	1	2
18.9158	leaf-2	0	189	LastDelay	0.00576	5760	1	2
18.9158	leaf-2	0	189	FullDelay	0.00576	5760	1	2
18.9258	leaf-3	0	189	LastDelay	0.00576	5760	1	2
18.9258	leaf-3	0	189	FullDelay	0.00576	5760	1	2
18.9329	leaf-4	0	189	LastDelay	0.00288	2880	1	2
18.9329	leaf-4	0	189	FullDelay	0.00288	2880	1	2
19.0029	leaf-1	0	189	LastDelay	0.00288	2880	1	2
19.0029	leaf-1	0	189	FullDelay	0.00288	2880	1	2
19.0158	leaf-2	0	190	LastDelay	0.00576	5760	1	2
19.0158	leaf-2	0	190	FullDelay	0.00576	5760	1	2
19.0258	leaf-3	0	190	LastDelay	0.00576	5760	1	2
19.0258	leaf-3	0	190	FullDelay	0.00576	5760	1	2
19.0329	leaf-4	0	190	LastDelay	0.00288	2880	1	2
19.0329	leaf-4	0	190	FullDelay	0.00288	2880	1	2
19.1029	leaf-1	0	190	LastDelay	0.00288	2880	1	2
19.1029	leaf-1	0	190	FullDelay	0.00288	2880	1	2
19.1158	leaf-2	0	191	LastDelay	0.00576	5760	1	2
19.1158	leaf-2	0	191	FullDelay	0.00576	5760	1	2
19.1258	leaf-3	0	191	LastDelay	0.00576	5760	1	2
19.1258	leaf-3	0	191	FullDelay	0.00576	5760	1	2
19.1329	leaf-4	0	191	LastDelay	0.00288	2880	1	2
19.1329	leaf-4	0	191	FullDelay	0.00288	2880	1	2
19.2029	leaf-1	0	191	LastDelay	0.00288	2880	1	2
19.2029	leaf-1	0	191	FullDelay	0.00288	2880	1	2
19.2158	leaf-2	0	192	LastDelay	0.00576	5760	1	2
19.2158	leaf-2	0	192	FullDelay	0.00576	5760	1	2
19.2258	leaf-3	0	192	LastDelay	0.00576	5760	1	2
19.2258	leaf-3	0	192	FullDelay	0.00576	5760	1	2
19.2329	leaf-4	0	192	LastDelay	0.00288	2880	1	2
19.2329	leaf-4	0	192	FullDelay	0.00288	2880	1	2
19.3029	leaf-1	0	192	LastDelay	0.00288	2880	1	2
19.3029	leaf-1	0	192	FullDelay	0.00288	2880	1	2
19.3158	leaf-2	0	193	LastDelay	0.00576	5760	1	2
19.3158	leaf-2	0	193	FullDelay	0.00576	5760	1	2
19.3258	leaf-3	0	193	LastDelay	0.00576	5760	1	2
19.3258	leaf-3	0	193	FullDelay	0.00576	5760	1	2
19.3329	leaf-4	0	193	LastDelay	0.00288	2880	1	2
19.3329	leaf-4	0	193	FullDelay	0.00288	2880	1	2
19.4029	leaf-1	0	193	LastDelay	0.00288	2880	1	2
19.4029	leaf-1	0	193	FullDelay	0.00288	2880	1	2
19.4158	leaf-2	0	194	LastDelay	0.00576	5760	1	2
19.4158	leaf-2	0	194	FullDelay	0.00576	5760	1	2
19.4258	leaf-3	0	194	LastDelay	0.00576	5760	1	2
19.4258	leaf-3	0	194	FullDelay	0.00576	5760	1	2
19.4329	leaf-4	0	194	LastDelay	0.00288	2880	1	2
19.4329	leaf-4	0	194	FullDelay	0.00288	2880	1	2
19.5029	leaf-1	0	194	LastDelay	0.00288	2880	1	2
19.5029	leaf-1	0	194	FullDelay	0.00288	2880	1	2
19.5158	leaf-2	0	195	LastDelay	0.00576	5760	1	2
19.5158	leaf-2	0	195	FullDelay	0.00576	5760	1	2
19.5258	leaf-3	0	195	LastDelay	0.00576	5760	1	2
19.5258	leaf-3	0	195	FullDelay	0.00576	5760	1	2
19.5329	leaf-4	0	195	LastDelay	0.00288	2880	1	2
19.5329	leaf-4	0	195	FullDelay	0.00288	2880	1	2
19.6029	leaf-1	0	195	LastDelay	0.00288	2880	1	2
19.6029	leaf-1	0	195	FullDelay	0.00288	2880	1	2
19.6158	leaf-2	0	196	LastDelay	0.00576	5760	1	2
19.6158	leaf-2	0	196	FullDelay	0.00576	5760	1	2
19.6258	leaf-3	0	196	LastDelay	0.00576	5760	1	2
19.6258	leaf-3	0	196	FullDelay	0.00576	5760	1	2
19.6329	leaf-4	0	196	LastDelay	0.00288	2880	1	2
19.6329	leaf-4	0	196	FullDelay	0.00288	2880	1	2
19.7029	leaf-1	0	196	LastDelay	0.00288	2880	1	2
19.7029	leaf-1	0	196	FullDelay	0.00288	2880	1	2
19.7158	leaf-2	0	197	LastDelay	0.00576	5760	1	2
19.7158	leaf-2	0	197	FullDelay	0.00576	5760	1	2
19.7258	leaf-3	0	197	LastDelay	0.00576	5760	1	2
19.7258	leaf-3	0	197	FullDelay	0.00576	5760	1	2
19.7329	leaf-4	0	197	LastDelay	0.00288	2880	1	2
19.7329	leaf-4	0	197	FullDelay	0.00288	2880	1	2
19.8029	leaf-1	0	197	LastDelay	0.00288	2880	1	2
19.8029	leaf-1	0	197	FullDelay	0.00288	2880	1	2
19.8158	leaf-2	0	198	LastDelay	0.00576	5760	1	2
19.8158	leaf-2	0	198	FullDelay	0.00576	5760	1	2
19.8258	leaf-3	0	198	LastDelay	0.00576	5760	1	2
19.8258	leaf-3	0	198	FullDelay	0.00576	5760	1	2
19.8329	leaf-4	0	198	LastDelay	0.00288	2880	1	2
19.8329	leaf-4	0	198	FullDelay	0.00288	2880	1	2
19.9029	leaf-1	0	198	LastDelay	0.00288	2880	1	2
19.9029	leaf-1	0	198	FullDelay	0.00288	2880	1	2
19.9158	leaf-2	0	199	LastDelay	0.00576	5760	1	2
19.9158	leaf-2	0	199	FullDelay	0.00576	5760	1	2
19.9258	leaf-3	0	199	LastDelay	0.00576	5760	1	2
19.9258	leaf-3	0	199	FullDelay	0.00576	5760	1	2
19.9329	leaf-4	0	199	LastDelay	0.00288	2880	1	2
19.9329	leaf-4	0	199	FullDelay	0.00288	2880	1	2
